
CASCADE Topology V1, (c) Matra-Datavision
Locations 1
1
              1               0               0               0 
              0               1               0               0 
              0               0               1               0 
Curve2ds 224
1 0 0 1 0 
1 0 0 1 0 
1 0 0 1 0 
1 0 0 1 0 
1 0 0 1 0 
1 0 0 1 0 
1 0 0 1 0 
1 0 0 1 0 
1 -0.5 0 0 1 
1 0.75 0 0 1 
1 0.5 0 0 1 
1 -0.75 0 0 1 
1 0 9.3786796564403581 1 0 
1 -0.57402514854763353 0.11418070123306938 0.38268343236508889 0.92387953251128718 
8 5.8904862254808616 6.6758843888783108
1 0 -0.75 1 0 
2 -2.2204460492503131e-16 1.5 8.3266726846886721e-16 -1 1 8.3266726846886721e-16 1.9999999999999998
8 5.8904862254808616 6.6758843888783108
1 0 -0.75 1 0 
2 -2.2204460492503131e-16 1.5 -8.8817841970012523e-16 -1 1 -8.8817841970012523e-16 0.99999999999999944
1 0.57402514854763531 0.11418070123307006 -0.38268343236509139 0.92387953251128607 
1 -1.1102230246251565e-15 0.62132034355964239 1 1.1102230246251565e-16 
1 -0.50000000000000067 5.5511151231257827e-16 0 1 
1 0.74999999999999989 0 0 1 
1 0.50000000000000067 -5.5511151231257827e-16 0 1 
1 -0.74999999999999989 0 0 1 
1 -4.4408920985006262e-16 6.8276513216129082 1 0 
1 -0.24027336451045028 -0.019368813543748989 -0.1601822430069676 0.98708745763749672 
8 6.1223100299812652 6.4440605843779073
1 0 0.75 1 0 
2 1.1102230246251565e-16 -1.4999999999999996 0 1 1 -0 1.0000000000000007
8 6.1223100299812652 6.4440605843779073
1 0 0.75 1 0 
2 1.1102230246251565e-16 -1.4999999999999996 4.9960036108132044e-16 1 1 -4.9960036108132044e-16 1.9999999999999996
1 0.240273364510452 -0.019368813543754429 0.16018224300696687 0.98708745763749683 
1 -1.8041124150158794e-16 0.24341649025256976 1 0 
1 -0.5 8.0491169285323849e-16 0 1 
1 0.75 0 0 1 
1 0.5 -8.0491169285323849e-16 0 1 
1 -0.75 0 0 1 
1 4.4408920985006262e-16 6.6803398874989455 1 0 
1 -1.4230249470757739 -1.0256583509747419 -0.94868329805051432 0.31622776601683661 
8 5.0341395347813318 7.5322310795778407
1 0 0.75 1 0 
2 2.2204460492503131e-15 -1.4999999999999982 1.221245327087672e-15 1 1 -1.221245327087672e-15 1.0000000000000011
8 5.0341395347813318 7.5322310795778407
1 0 0.75 1 0 
2 2.2204460492503131e-15 -1.4999999999999982 0 1 1 -0 1.9999999999999998
1 1.4230249470757708 -1.0256583509747397 0.94868329805051332 0.31622776601683927 
1 -6.4392935428259079e-15 4.5 1 0 
1 -0.49999999999999845 -3.6082248300317588e-16 0 1 
1 0.75 0 -0 1 
1 0.49999999999999845 3.6082248300317588e-16 0 1 
1 -0.75 -0 0 1 
1 0 11.180339887498953 1 0 
1 0.75 0 0 1 
1 -0.5 0 0 1 
8 -0.75 0.75
1 5.8904862254808616 0 0 1 
1 0 9.3786796564403581 1 0 
1 0 0.75 1 0 
2 -2.2204460492503131e-16 -1.5 -8.8817841970012523e-16 1 1 8.8817841970012523e-16 0.99999999999999944
1 6.6758843888783108 0 0 1 
1 0 0.62132034355964261 1 0 
1 0.75 0 0 1 
1 -0.50000000000000067 -6.106226635438361e-16 1.0547118733938985e-15 1 
8 -0.75 0.75
1 6.1223100299812652 0 -0 -1 
1 0 6.8276513216129064 1 0 
1 0 -0.75 1 0 
2 1.1102230246251565e-16 1.4999999999999996 4.9960036108132044e-16 -1 1 4.9960036108132044e-16 1.9999999999999996
1 6.4440605843779073 0 0 1 
1 0 0.24341649025256978 -1 0 
1 0.75 0 0 1 
1 -0.5 -8.0491169285323849e-16 7.7715611723760958e-16 1 
8 -0.75 0.75
1 5.0341395347813318 0 -0 -1 
1 0 6.6803398874989472 1 0 
1 0 -0.75 1 0 
2 2.2204460492503131e-15 1.4999999999999982 -5.5511151231257827e-16 -1 1 -5.5511151231257827e-16 2.0000000000000009
1 7.5322310795778407 0 0 1 
1 0 4.4999999999999991 -1 -0 
1 0.75 0 0 1 
1 -0.49999999999999845 3.6082248300317588e-16 -8.8817841970012504e-16 1 
1 0 11.180339887498949 1 0 
1 0.5 0 0 1 
1 -0.75 0 0 1 
1 0 9.3786796564403581 1 0 
1 -0.57402514854763353 -0.11418070123306938 -0.38268343236508889 0.92387953251128718 
8 5.8904862254808616 6.6758843888783108
1 0 0.75 1 0 
2 -2.2204460492503131e-16 -1.5 8.3266726846886721e-16 1 1 -8.3266726846886721e-16 1.9999999999999998
1 0.57402514854763531 -0.11418070123307006 0.38268343236509139 0.92387953251128607 
1 1.1102230246251565e-15 0.62132034355964239 1 -1.1102230246251565e-16 
1 0.50000000000000067 5.5511151231257827e-16 0 1 
1 -0.74999999999999989 0 0 1 
1 4.4408920985006262e-16 6.8276513216129082 1 0 
1 -0.24027336451045028 0.019368813543748989 0.1601822430069676 0.98708745763749672 
8 6.1223100299812652 6.4440605843779073
1 0 -0.75 1 0 
2 1.1102230246251565e-16 1.4999999999999996 0 -1 1 0 1.0000000000000007
1 0.240273364510452 0.019368813543754429 -0.16018224300696687 0.98708745763749683 
1 1.8041124150158794e-16 0.24341649025256976 1 0 
1 0.5 8.0491169285323849e-16 0 1 
1 -0.75 0 0 1 
1 -4.4408920985006262e-16 6.6803398874989455 1 0 
1 -1.4230249470757739 1.0256583509747419 0.94868329805051432 0.31622776601683661 
8 5.0341395347813318 7.5322310795778407
1 0 -0.75 1 0 
2 2.2204460492503131e-15 1.4999999999999982 1.221245327087672e-15 -1 1 1.221245327087672e-15 1.0000000000000011
1 1.4230249470757708 1.0256583509747397 -0.94868329805051332 0.31622776601683927 
1 6.4392935428259079e-15 4.5 1 0 
1 0.49999999999999845 -3.6082248300317588e-16 0 1 
1 -0.75 -0 -0 1 
1 0 11.180339887498953 1 0 
8 -0.75 0.75
1 5.8904862254808616 0 -0 -1 
1 0 9.3786796564403581 1 0 
1 6.6758843888783108 0 0 1 
1 0 0.62132034355964283 -1 0 
8 -0.75 0.75
1 6.1223100299812652 0 0 1 
1 0 6.8276513216129064 1 0 
1 6.4440605843779073 0 0 1 
1 0 0.24341649025256779 1 0 
8 -0.75 0.75
1 5.0341395347813318 0 0 1 
1 0 6.6803398874989472 1 0 
1 7.5322310795778407 0 0 1 
1 -0 4.5000000000000027 1 0 
1 -0 11.180339887498949 1 0 
1 -0.55000000000000004 0 0 1 
1 0.29999999999999999 0 0 1 
1 0.55000000000000004 0 0 1 
1 -0.29999999999999999 0 0 1 
8 -0.55000000000000004 0.55000000000000004
1 5.8904862254808616 0 0 1 
1 0 9.3786796564403581 1 0 
1 0 -0.55000000000000004 1 0 
2 -2.2204460492503131e-16 -1.5 8.3266726846886721e-16 1 1 -8.3266726846886721e-16 1.7999999999999998
1 0 0.55000000000000004 1 0 
2 -2.2204460492503131e-16 1.5 8.3266726846886721e-16 -1 1 8.3266726846886721e-16 1.7999999999999998
1 6.6758843888783108 0 0 1 
1 0 0.6213203435596435 1 0 
1 -0.55000000000000004 0 0 1 
1 0.2999999999999996 -3.8857805861880479e-16 1.0547118733938985e-15 1 
1 0.55000000000000004 0 0 1 
1 -0.2999999999999996 -3.8857805861880479e-16 -1.0547118733938985e-15 1 
8 -0.55000000000000004 0.55000000000000004
1 6.1223100299812652 0 -0 -1 
1 0 6.8276513216129091 1 0 
1 0 0.55000000000000004 1 0 
2 1.1102230246251565e-16 1.4999999999999996 7.7715611723760958e-16 -1 1 7.7715611723760958e-16 1.1999999999999997
1 0 -0.55000000000000004 1 0 
2 1.1102230246251565e-16 -1.4999999999999996 7.7715611723760958e-16 1 1 -7.7715611723760958e-16 1.1999999999999997
1 6.4440605843779073 0 0 1 
1 0 0.24341649025256978 -1 0 
1 -0.55000000000000004 0 0 1 
1 0.29999999999999982 5.8286708792820718e-16 7.7715611723760958e-16 1 
1 0.55000000000000004 0 0 1 
1 -0.29999999999999982 5.8286708792820718e-16 -7.7715611723760958e-16 1 
8 -0.55000000000000004 0.55000000000000004
1 5.0341395347813318 0 -0 -1 
1 0 6.6803398874989472 1 0 
1 0 0.55000000000000004 1 0 
2 2.2204460492503131e-15 1.4999999999999982 9.4368957093138286e-16 -1 1 9.4368957093138286e-16 1.2000000000000006
1 0 -0.55000000000000004 1 0 
2 2.2204460492503131e-15 -1.4999999999999982 9.4368957093138286e-16 1 1 -9.4368957093138286e-16 1.2000000000000006
1 7.5322310795778407 0 0 1 
1 0 4.5000000000000027 -1 -0 
1 -0.55000000000000004 -0 0 1 
1 0.30000000000000149 -2.2204460492503131e-16 -8.8817841970012504e-16 1 
1 0.55000000000000004 0 0 1 
1 -0.30000000000000149 -2.2204460492503131e-16 8.8817841970012504e-16 1 
1 0 11.180339887498949 1 0 
1 0.29999999999999999 0 0 1 
1 -0.55000000000000004 0 0 1 
1 0 9.3786796564403581 1 0 
1 -0.57402514854763353 0.11418070123306938 0.38268343236508889 0.92387953251128718 
8 5.8904862254808616 6.6758843888783108
1 0 0.55000000000000004 1 0 
2 -2.2204460492503131e-16 1.5 -5.5511151231257827e-16 -1 1 -5.5511151231257827e-16 1.1999999999999995
1 0.57402514854763531 0.11418070123307006 -0.38268343236509139 0.92387953251128607 
1 -1.1102230246251565e-15 0.62132034355964239 1 1.1102230246251565e-16 
1 0.2999999999999996 4.163336342344337e-16 0 1 
1 -0.54999999999999993 0 0 1 
1 -4.4408920985006262e-16 6.8276513216129082 1 0 
1 -0.24027336451045028 -0.019368813543748989 -0.1601822430069676 0.98708745763749672 
8 6.1223100299812652 6.4440605843779073
1 0 -0.55000000000000004 1 0 
2 1.1102230246251565e-16 -1.4999999999999996 -2.2204460492503131e-16 1 1 2.2204460492503131e-16 1.8000000000000005
1 0.240273364510452 -0.019368813543754429 0.16018224300696687 0.98708745763749683 
1 -1.8041124150158794e-16 0.24341649025256976 1 0 
1 0.29999999999999982 -5.8286708792820718e-16 0 1 
1 -0.55000000000000004 0 0 1 
1 4.4408920985006262e-16 6.6803398874989455 1 0 
1 -1.4230249470757739 -1.0256583509747419 -0.94868329805051432 0.31622776601683661 
8 5.0341395347813318 7.5322310795778407
1 0 -0.55000000000000004 1 0 
2 2.2204460492503131e-15 -1.4999999999999982 -3.3306690738754691e-16 1 1 3.3306690738754691e-16 1.8000000000000007
1 1.4230249470757708 -1.0256583509747397 0.94868329805051332 0.31622776601683927 
1 -6.4392935428259079e-15 4.5 1 0 
1 0.30000000000000149 2.2204460492503131e-16 0 1 
1 -0.55000000000000004 -0 -0 1 
1 0 11.180339887498953 1 0 
1 0.55000000000000004 0 0 1 
1 -0.29999999999999999 0 0 1 
8 -0.55000000000000004 0.55000000000000004
1 5.8904862254808616 0 -0 -1 
1 0 9.3786796564403581 1 0 
1 0 -0.55000000000000004 1 0 
2 -2.2204460492503131e-16 -1.5 -5.5511151231257827e-16 1 1 5.5511151231257827e-16 1.1999999999999995
1 6.6758843888783108 0 0 1 
1 0 0.62132034355964061 -1 0 
1 0.55000000000000004 0 0 1 
1 -0.2999999999999996 3.8857805861880479e-16 1.0547118733938985e-15 1 
8 -0.55000000000000004 0.55000000000000004
1 6.1223100299812652 0 0 1 
1 0 6.8276513216129091 1 0 
1 0 0.55000000000000004 1 0 
2 1.1102230246251565e-16 1.4999999999999996 -2.2204460492503131e-16 -1 1 -2.2204460492503131e-16 1.8000000000000005
1 6.4440605843779073 0 0 1 
1 0 0.24341649025256779 1 0 
1 0.55000000000000004 0 0 1 
1 -0.29999999999999982 -5.8286708792820718e-16 7.7715611723760958e-16 1 
8 -0.55000000000000004 0.55000000000000004
1 5.0341395347813318 0 0 1 
1 0 6.6803398874989472 1 0 
1 0 0.55000000000000004 1 0 
2 2.2204460492503131e-15 1.4999999999999982 -3.3306690738754691e-16 -1 1 -3.3306690738754691e-16 1.8000000000000007
1 7.5322310795778407 0 0 1 
1 -0 4.5000000000000018 1 0 
1 0.55000000000000004 0 0 1 
1 -0.30000000000000149 2.2204460492503131e-16 -8.8817841970012504e-16 1 
1 -0 11.180339887498949 1 0 
1 0 9.3786796564403581 1 0 
1 -0.57402514854763353 -0.11418070123306938 -0.38268343236508889 0.92387953251128718 
1 0.57402514854763531 -0.11418070123307006 0.38268343236509139 0.92387953251128607 
1 1.1102230246251565e-15 0.62132034355964239 1 -1.1102230246251565e-16 
1 4.4408920985006262e-16 6.8276513216129082 1 0 
1 -0.24027336451045028 0.019368813543748989 0.1601822430069676 0.98708745763749672 
1 0.240273364510452 0.019368813543754429 -0.16018224300696687 0.98708745763749683 
1 1.8041124150158794e-16 0.24341649025256976 1 0 
1 -4.4408920985006262e-16 6.6803398874989455 1 0 
1 -1.4230249470757739 1.0256583509747419 0.94868329805051432 0.31622776601683661 
1 1.4230249470757708 1.0256583509747397 -0.94868329805051332 0.31622776601683927 
1 6.4392935428259079e-15 4.5 1 0 
1 0 11.180339887498953 1 0 
Curves 120
1 0 0 -0.75 0 1 0 
1 0 0 0.75 0 -1 0 
1 0 0.5 0 0 0 1 
1 0 -0.5 0 0 0 -1 
1 0 -0.29999999999999999 0 0 -0 1 
1 0 0.29999999999999999 0 0 0 -1 
1 0 0 0.55000000000000004 0 1 0 
1 0 0 -0.55000000000000004 0 -1 0 
1 0 -0.5 -0.75 1 -0 0 
1 0 0.5 -0.75 1 -0 0 
1 9.3786796564403581 0 -0.75 0 1 0 
2 9.3786796564403581 1.4999999999999998 -0.75 -0 0 1 0.38268343236508967 -0.92387953251128685 0 0.92387953251128685 0.38268343236508967 0 1.9999999999999998
2 9.3786796564403581 1.4999999999999998 -0.75 -0 0 1 0.38268343236508806 -0.92387953251128752 0 0.92387953251128752 0.38268343236508806 0 0.99999999999999944
1 10.439339828220179 0.43933982822017814 -0.75 -0.70710678118654802 0.70710678118654702 0 
1 10.353553390593275 -0.35355339059327351 -0.74999999999999989 0.70710678118654702 0.70710678118654813 0 
1 9.6464466094067252 0.35355339059327351 -0.74999999999999989 0.70710678118654702 0.70710678118654813 0 
1 14.827878549089776 4.8278785490897835 -0.74999999999999989 -0.70710678118654813 0.70710678118654702 0 
2 15.888538720869601 3.7672183773099581 -0.74999999999999989 0 0 -1 -0.58471028466376529 0.81124218517556057 0 0.81124218517556057 0.58471028466376529 0 1.0000000000000007
2 15.888538720869601 3.7672183773099581 -0.74999999999999989 0 0 -1 -0.58471028466376496 0.8112421851755609 0 0.8112421851755609 0.58471028466376496 0 1.9999999999999996
1 15.217718327619664 5.1088591638098322 -0.74999999999999989 -0.44721359549995865 0.89442719099991563 0 
1 15.22360679774998 4.5527864045000426 -0.75 0.89442719099991552 0.44721359549995859 0 
1 14.77639320225002 5.4472135954999574 -0.75 0.89442719099991552 0.44721359549995859 0 
1 20.975077640500373 7.9875388202501929 -0.75 -0.44721359549995859 0.89442719099991552 0 
2 21.645898033750314 6.6458980337503153 -0.75000000000000022 0 0 -1 0.70710678118654891 0.70710678118654624 0 0.70710678118654624 -0.70710678118654891 0 1.0000000000000011
2 21.645898033750314 6.6458980337503153 -0.75000000000000022 0 0 -1 0.70710678118654802 0.70710678118654713 0 0.70710678118654713 -0.70710678118654802 0 1.9999999999999998
1 22.987538820250187 5.9750776405003805 -0.75000000000000022 0.8944271909999163 -0.44721359549995732 0 
1 24.552786404500043 10.223606797749978 -0.75 -0.44721359549995732 -0.8944271909999163 0 
1 25.447213595499957 9.7763932022500217 -0.75 -0.44721359549995732 -0.8944271909999163 0 
1 20.000000000000007 -5.3290705182007514e-15 -0.75 0.8944271909999163 -0.44721359549995732 0 
1 0 0.5 0.75 1 -0 0 
1 9.3786796564403581 0.5 0 0 0 1 
2 9.3786796564403581 1.4999999999999998 0.75 -0 0 1 0.38268343236508806 -0.92387953251128752 0 0.92387953251128752 0.38268343236508806 0 0.99999999999999944
1 10.085786437626904 0.79289321881345143 0 -0 0 1 
1 9.6464466094067252 0.35355339059327345 0.75 0.70710678118654779 0.70710678118654746 -0 
1 14.474325158496505 5.1814319396830522 0 0 0 1 
2 15.888538720869601 3.7672183773099581 0.75 0 0 -1 -0.58471028466376496 0.8112421851755609 0 0.8112421851755609 0.58471028466376496 0 1.9999999999999996
1 14.994111529869684 5.5560727593097896 0 0 0 -1 
1 14.77639320225002 5.4472135954999574 0.75 0.89442719099991597 0.44721359549995798 -0 
1 20.751470842750397 8.4347524157501468 0 0 0 1 
2 21.645898033750314 6.6458980337503153 0.75 0 0 -1 0.70710678118654757 0.70710678118654757 0 0.70710678118654757 -0.70710678118654757 0 2.0000000000000009
1 23.434752415750147 5.7514708427503995 0 0 0 -1 
1 25.447213595499957 9.7763932022500217 0.75 -0.44721359549995654 -0.89442719099991663 0 
1 20.447213595499971 -0.22360679774998715 0 0 0 1 
1 0 -0.5 0.75 1 0 0 
1 9.3786796564403581 0 0.75 0 -1 0 
2 9.3786796564403581 1.4999999999999998 0.75 -0 0 1 0.38268343236508967 -0.92387953251128685 0 0.92387953251128685 0.38268343236508967 0 1.9999999999999998
1 10.439339828220179 0.43933982822017814 0.75 0.70710678118654802 -0.70710678118654702 0 
1 10.353553390593275 -0.35355339059327351 0.74999999999999989 0.70710678118654702 0.70710678118654813 0 
1 14.827878549089776 4.8278785490897835 0.74999999999999989 0.70710678118654813 -0.70710678118654702 0 
2 15.888538720869601 3.7672183773099581 0.74999999999999989 0 0 -1 -0.58471028466376529 0.81124218517556057 0 0.81124218517556057 0.58471028466376529 0 1.0000000000000007
1 15.217718327619664 5.1088591638098322 0.74999999999999989 0.44721359549995865 -0.89442719099991563 0 
1 15.22360679774998 4.5527864045000426 0.75 0.89442719099991552 0.44721359549995859 0 
1 20.975077640500373 7.9875388202501929 0.75 0.44721359549995859 -0.89442719099991552 0 
2 21.645898033750314 6.6458980337503153 0.75000000000000022 0 0 -1 0.70710678118654891 0.70710678118654624 0 0.70710678118654624 -0.70710678118654891 0 1.0000000000000011
1 22.987538820250187 5.9750776405003805 0.75000000000000022 -0.8944271909999163 0.44721359549995732 0 
1 24.552786404500043 10.223606797749978 0.75 -0.44721359549995732 -0.8944271909999163 0 
1 20.000000000000007 -5.3290705182007514e-15 0.75 -0.8944271909999163 0.44721359549995732 0 
1 9.3786796564403581 -0.5 0 0 0 -1 
1 10.792893218813454 0.085786437626904855 0 -0 0 1 
1 15.181431939683055 4.474325158496506 0 -0 0 -1 
1 15.441325125369643 4.6616455683098739 0 0 0 -1 
1 21.198684438250357 7.5403252247502319 0 -0 0 -1 
1 22.54032522475023 6.1986844382503552 0 0 0 -1 
1 19.552786404500058 0.22360679774996939 0 0 0 -1 
1 0 -0.29999999999999999 -0.55000000000000004 1 0 -0 
1 0 -0.29999999999999999 0.55000000000000004 1 0 -0 
1 9.3786796564403581 -0.29999999999999999 0 0 -0 1 
2 9.3786796564403581 1.4999999999999998 -0.55000000000000004 -0 0 1 0.38268343236508967 -0.92387953251128685 0 0.92387953251128685 0.38268343236508967 0 1.7999999999999998
2 9.3786796564403581 1.4999999999999998 0.55000000000000004 -0 0 1 0.38268343236508967 -0.92387953251128685 0 0.92387953251128685 0.38268343236508967 0 1.7999999999999998
1 10.651471862576145 0.2272077938642143 0 -0 0 1 
1 10.212132034355964 -0.21213203435596406 -0.55000000000000004 0.70710678118654779 0.70710678118654746 -0 
1 10.212132034355964 -0.21213203435596406 0.55000000000000004 0.70710678118654779 0.70710678118654746 -0 
1 15.040010583445746 4.6157465147338153 0 0 0 1 
2 15.888538720869601 3.7672183773099581 -0.55000000000000004 0 0 -1 -0.58471028466376473 0.81124218517556113 0 0.81124218517556113 0.58471028466376473 0 1.1999999999999997
2 15.888538720869601 3.7672183773099581 0.55000000000000004 0 0 -1 -0.58471028466376473 0.81124218517556113 0 0.81124218517556113 0.58471028466376473 0 1.1999999999999997
1 15.351882406269652 4.840531006509857 0 0 0 -1 
1 15.134164078649988 4.7316718427000257 -0.55000000000000004 0.89442719099991597 0.44721359549995798 -0 
1 15.134164078649988 4.7316718427000257 0.55000000000000004 0.89442719099991597 0.44721359549995798 -0 
1 21.109241719150365 7.7192106629502142 0 0 0 1 
2 21.645898033750314 6.6458980337503153 -0.55000000000000004 0 0 -1 0.70710678118654868 0.70710678118654646 0 0.70710678118654646 -0.70710678118654868 0 1.2000000000000006
2 21.645898033750314 6.6458980337503153 0.55000000000000004 0 0 -1 0.70710678118654868 0.70710678118654646 0 0.70710678118654646 -0.70710678118654868 0 1.2000000000000006
1 22.719210662950214 6.1092417191503641 0 0 0 -1 
1 24.731671842700024 10.134164078649988 -0.55000000000000004 -0.44721359549995654 -0.89442719099991663 0 
1 24.731671842700024 10.134164078649988 0.55000000000000004 -0.44721359549995654 -0.89442719099991663 0 
1 19.731671842700038 0.13416407864997915 0 0 0 1 
1 0 0.29999999999999999 0.55000000000000004 1 -0 0 
1 9.3786796564403581 0 0.55000000000000004 0 1 0 
2 9.3786796564403581 1.4999999999999998 0.55000000000000004 -0 0 1 0.38268343236508834 -0.9238795325112874 0 0.9238795325112874 0.38268343236508834 0 1.1999999999999995
1 10.439339828220179 0.43933982822017814 0.55000000000000004 -0.70710678118654802 0.70710678118654702 0 
1 9.7878679656440362 0.21213203435596409 0.54999999999999993 0.70710678118654702 0.70710678118654813 0 
1 14.827878549089776 4.8278785490897835 0.54999999999999993 -0.70710678118654813 0.70710678118654702 0 
2 15.888538720869601 3.7672183773099581 0.54999999999999993 0 0 -1 -0.58471028466376551 0.81124218517556057 0 0.81124218517556057 0.58471028466376551 0 1.8000000000000005
1 15.217718327619664 5.1088591638098322 0.54999999999999993 -0.44721359549995865 0.89442719099991563 0 
1 14.865835921350012 5.2683281572999743 0.55000000000000004 0.89442719099991552 0.44721359549995859 0 
1 20.975077640500373 7.9875388202501929 0.55000000000000004 -0.44721359549995859 0.89442719099991552 0 
2 21.645898033750314 6.6458980337503153 0.55000000000000016 0 0 -1 0.70710678118654779 0.70710678118654735 0 0.70710678118654735 -0.70710678118654779 0 1.8000000000000007
1 22.987538820250187 5.9750776405003805 0.55000000000000016 0.8944271909999163 -0.44721359549995732 0 
1 25.268328157299976 9.865835921350012 0.55000000000000004 -0.44721359549995732 -0.8944271909999163 0 
1 20.000000000000007 -5.3290705182007514e-15 0.55000000000000004 0.8944271909999163 -0.44721359549995732 -0 
1 0 0.29999999999999999 -0.55000000000000004 1 0 0 
1 9.3786796564403581 0.29999999999999999 0 0 0 -1 
2 9.3786796564403581 1.4999999999999998 -0.55000000000000004 -0 0 1 0.38268343236508834 -0.9238795325112874 0 0.9238795325112874 0.38268343236508834 0 1.1999999999999995
1 10.227207793864213 0.65147186257614176 0 -0 0 1 
1 9.7878679656440362 0.21213203435596406 -0.55000000000000004 0.70710678118654779 0.70710678118654746 0 
1 14.615746514733818 5.0400105834457429 0 0 0 -1 
2 15.888538720869601 3.7672183773099581 -0.55000000000000004 0 0 -1 -0.58471028466376551 0.81124218517556057 0 0.81124218517556057 0.58471028466376551 0 1.8000000000000005
1 15.083554248969675 5.3771873211098065 0 0 0 -1 
1 14.865835921350012 5.2683281572999743 -0.55000000000000004 0.89442719099991597 0.44721359549995798 0 
1 20.840913561850389 8.2558669775501627 0 0 0 -1 
2 21.645898033750314 6.6458980337503153 -0.55000000000000004 0 0 -1 0.70710678118654779 0.70710678118654735 0 0.70710678118654735 -0.70710678118654779 0 1.8000000000000007
1 23.255866977550163 5.8409135618503907 0 0 0 -1 
1 25.268328157299976 9.865835921350012 -0.55000000000000004 -0.44721359549995654 -0.89442719099991663 -0 
1 20.26832815729999 -0.13416407864999691 0 0 0 -1 
1 9.3786796564403581 0 -0.55000000000000004 0 -1 0 
1 10.439339828220179 0.43933982822017814 -0.55000000000000004 0.70710678118654802 -0.70710678118654702 0 
1 14.827878549089776 4.8278785490897835 -0.54999999999999993 0.70710678118654813 -0.70710678118654702 0 
1 15.217718327619664 5.1088591638098322 -0.54999999999999993 0.44721359549995865 -0.89442719099991563 0 
1 20.975077640500373 7.9875388202501929 -0.55000000000000004 0.44721359549995859 -0.89442719099991552 0 
1 22.987538820250187 5.9750776405003805 -0.55000000000000016 -0.8944271909999163 0.44721359549995732 0 
1 20.000000000000007 -5.3290705182007514e-15 -0.55000000000000004 -0.8944271909999163 0.44721359549995732 0 
Polygon3D 0
PolygonOnTriangulations 0
Surfaces 58
1 0 0 0 1 0 0 0 0 1 0 -1 0 
1 0 0 -0.75 0 0 -1 0 1 0 1 -0 0 
1 0 0 0.75 -0 0 1 0 -1 0 1 0 0 
1 0 0.5 0 0 1 -0 0 0 1 1 -0 0 
1 0 -0.5 0 0 -1 0 0 0 -1 1 0 0 
1 0 -0.29999999999999999 0 0 1 0 0 -0 1 1 0 -0 
1 0 0.29999999999999999 0 0 -1 0 0 0 -1 1 0 0 
1 0 0 0.55000000000000004 0 -0 -1 0 1 0 1 -0 0 
1 0 0 -0.55000000000000004 -0 0 1 0 -1 0 1 0 0 
1 9.9527048049879916 0.11418070123306934 -0.75 -0 0 1 0.92387953251128718 0.38268343236508889 0 -0.38268343236508889 0.92387953251128718 -0 
10 5.8904862254808616 6.6758843888783108 -0.75 0.75
2 9.3786796564403581 1.4999999999999998 0 -0 0 1 0.38268343236508967 -0.92387953251128685 0 0.92387953251128685 0.38268343236508967 0 1.9999999999999998
10 5.8904862254808616 6.6758843888783108 -0.75 0.75
2 9.3786796564403581 1.4999999999999998 0 -0 0 1 0.38268343236508806 -0.92387953251128752 0 0.92387953251128752 0.38268343236508806 0 0.99999999999999944
1 10 0 -0.74999999999999989 0 0 -1 -0.70710678118654813 0.70710678118654702 0 0.70710678118654702 0.70710678118654813 0 
1 10.353553390593275 -0.35355339059327345 0 0.70710678118654746 -0.70710678118654779 -0 -0 0 -1 0.70710678118654779 0.70710678118654746 0 
1 9.6464466094067252 0.35355339059327345 0 -0.70710678118654746 0.70710678118654779 0 0 0 1 0.70710678118654779 0.70710678118654746 -0 
1 15.011473293873953 4.9840816550732985 -0.74999999999999989 -0 -0 1 0.81124218517556057 0.58471028466376529 0 -0.58471028466376529 0.81124218517556057 0 
10 6.1223100299812652 6.4440605843779073 -0.75 0.75
2 15.888538720869601 3.7672183773099581 0 0 0 -1 -0.58471028466376529 0.81124218517556057 0 0.81124218517556057 0.58471028466376529 0 1.0000000000000007
10 6.1223100299812652 6.4440605843779073 -0.75 0.75
2 15.888538720869601 3.7672183773099581 0 0 0 -1 -0.58471028466376496 0.8112421851755609 0 0.8112421851755609 0.58471028466376496 0 1.9999999999999996
1 15 5 -0.75 0 0 -1 -0.44721359549995859 0.89442719099991552 0 0.89442719099991552 0.44721359549995859 0 
1 15.22360679774998 4.5527864045000426 0 0.44721359549995798 -0.89442719099991597 -0 -0 0 -1 0.89442719099991597 0.44721359549995798 0 
1 14.77639320225002 5.4472135954999574 0 -0.44721359549995798 0.89442719099991597 0 0 0 1 0.89442719099991597 0.44721359549995798 -0 
1 22.706558205530133 7.7065582055301363 -0.75000000000000022 -0 -0 1 0.70710678118654713 -0.70710678118654802 0 0.70710678118654802 0.70710678118654713 0 
10 5.0341395347813318 7.5322310795778407 -0.75 0.75
2 21.645898033750314 6.6458980337503153 0 0 0 -1 0.70710678118654891 0.70710678118654624 0 0.70710678118654624 -0.70710678118654891 0 1.0000000000000011
10 5.0341395347813318 7.5322310795778407 -0.75 0.75
2 21.645898033750314 6.6458980337503153 0 0 0 -1 0.70710678118654757 0.70710678118654757 0 0.70710678118654757 -0.70710678118654757 0 2.0000000000000009
1 25 10 -0.75 0 -0 -1 0.8944271909999163 -0.44721359549995732 0 -0.44721359549995732 -0.8944271909999163 0 
1 24.552786404500043 10.223606797749978 0 -0.89442719099991663 0.44721359549995654 0 0 0 -1 -0.44721359549995654 -0.89442719099991663 -0 
1 25.447213595499957 9.7763932022500217 0 0.89442719099991663 -0.44721359549995654 0 0 0 1 -0.44721359549995654 -0.89442719099991663 0 
1 9.9527048049879916 0.11418070123306934 0.75 0 -0 -1 0.92387953251128718 0.38268343236508889 0 0.38268343236508889 -0.92387953251128718 0 
1 10 0 0.74999999999999989 -0 0 1 0.70710678118654813 -0.70710678118654702 0 0.70710678118654702 0.70710678118654813 0 
1 15.011473293873953 4.9840816550732985 0.74999999999999989 0 0 -1 0.81124218517556057 0.58471028466376529 0 0.58471028466376529 -0.81124218517556057 0 
1 15 5 0.75 -0 0 1 0.44721359549995859 -0.89442719099991552 0 0.89442719099991552 0.44721359549995859 0 
1 22.706558205530133 7.7065582055301363 0.75000000000000022 0 0 -1 0.70710678118654713 -0.70710678118654802 0 -0.70710678118654802 -0.70710678118654713 -0 
1 25 10 0.75 0 0 1 -0.8944271909999163 0.44721359549995732 0 -0.44721359549995732 -0.8944271909999163 0 
10 5.8904862254808616 6.6758843888783108 -0.55000000000000004 0.55000000000000004
2 9.3786796564403581 1.4999999999999998 0 -0 0 1 0.38268343236508967 -0.92387953251128685 0 0.92387953251128685 0.38268343236508967 0 1.7999999999999998
1 9.9527048049879916 0.11418070123306934 -0.55000000000000004 0 -0 -1 0.92387953251128718 0.38268343236508889 0 0.38268343236508889 -0.92387953251128718 0 
1 9.9527048049879916 0.11418070123306934 0.55000000000000004 -0 0 1 0.92387953251128718 0.38268343236508889 0 -0.38268343236508889 0.92387953251128718 -0 
1 10.212132034355964 -0.21213203435596406 0 -0.70710678118654746 0.70710678118654779 0 0 0 1 0.70710678118654779 0.70710678118654746 -0 
1 10 0 -0.54999999999999993 -0 0 1 0.70710678118654813 -0.70710678118654702 0 0.70710678118654702 0.70710678118654813 0 
1 10 0 0.54999999999999993 0 0 -1 -0.70710678118654813 0.70710678118654702 0 0.70710678118654702 0.70710678118654813 0 
10 6.1223100299812652 6.4440605843779073 -0.55000000000000004 0.55000000000000004
2 15.888538720869601 3.7672183773099581 0 0 0 -1 -0.58471028466376473 0.81124218517556113 0 0.81124218517556113 0.58471028466376473 0 1.1999999999999997
1 15.011473293873953 4.9840816550732985 -0.54999999999999993 0 0 -1 0.81124218517556057 0.58471028466376529 0 0.58471028466376529 -0.81124218517556057 0 
1 15.011473293873953 4.9840816550732985 0.54999999999999993 -0 -0 1 0.81124218517556057 0.58471028466376529 0 -0.58471028466376529 0.81124218517556057 0 
1 15.134164078649988 4.7316718427000257 0 -0.44721359549995798 0.89442719099991597 0 0 0 1 0.89442719099991597 0.44721359549995798 -0 
1 15 5 -0.55000000000000004 -0 0 1 0.44721359549995859 -0.89442719099991552 0 0.89442719099991552 0.44721359549995859 0 
1 15 5 0.55000000000000004 0 0 -1 -0.44721359549995859 0.89442719099991552 0 0.89442719099991552 0.44721359549995859 0 
10 5.0341395347813318 7.5322310795778407 -0.55000000000000004 0.55000000000000004
2 21.645898033750314 6.6458980337503153 0 0 0 -1 0.70710678118654868 0.70710678118654646 0 0.70710678118654646 -0.70710678118654868 0 1.2000000000000006
1 22.706558205530133 7.7065582055301363 -0.55000000000000016 0 0 -1 0.70710678118654713 -0.70710678118654802 0 -0.70710678118654802 -0.70710678118654713 -0 
1 22.706558205530133 7.7065582055301363 0.55000000000000016 -0 -0 1 0.70710678118654713 -0.70710678118654802 0 0.70710678118654802 0.70710678118654713 0 
1 24.731671842700024 10.134164078649988 0 0.89442719099991663 -0.44721359549995654 0 0 0 1 -0.44721359549995654 -0.89442719099991663 0 
1 25 10 -0.55000000000000004 0 0 1 -0.8944271909999163 0.44721359549995732 0 -0.44721359549995732 -0.8944271909999163 0 
1 25 10 0.55000000000000004 -0 0 -1 0.8944271909999163 -0.44721359549995732 -0 -0.44721359549995732 -0.8944271909999163 0 
10 5.8904862254808616 6.6758843888783108 -0.55000000000000004 0.55000000000000004
2 9.3786796564403581 1.4999999999999998 0 -0 0 1 0.38268343236508834 -0.9238795325112874 0 0.9238795325112874 0.38268343236508834 0 1.1999999999999995
1 9.7878679656440362 0.21213203435596406 0 0.70710678118654746 -0.70710678118654779 0 0 0 -1 0.70710678118654779 0.70710678118654746 0 
10 6.1223100299812652 6.4440605843779073 -0.55000000000000004 0.55000000000000004
2 15.888538720869601 3.7672183773099581 0 0 0 -1 -0.58471028466376551 0.81124218517556057 0 0.81124218517556057 0.58471028466376551 0 1.8000000000000005
1 14.865835921350012 5.2683281572999743 0 0.44721359549995798 -0.89442719099991597 0 0 0 -1 0.89442719099991597 0.44721359549995798 0 
10 5.0341395347813318 7.5322310795778407 -0.55000000000000004 0.55000000000000004
2 21.645898033750314 6.6458980337503153 0 0 0 -1 0.70710678118654779 0.70710678118654735 0 0.70710678118654735 -0.70710678118654779 0 1.8000000000000007
1 25.268328157299976 9.865835921350012 0 -0.89442719099991663 0.44721359549995654 0 0 0 -1 -0.44721359549995654 -0.89442719099991663 -0 
1 20 -1.7763568394002505e-15 0 -0.44721359549995732 -0.8944271909999163 0 0 0 1 -0.8944271909999163 0.44721359549995732 0 
Triangulations 0

TShapes 304
Ve
1.01e-07
0 -0.5 -0.75
0 0

0101101
*
Ve
1.01e-07
0 0.5 -0.75
0 0

0101101
*
Ed
 1e-07 1 1 0
1  1 0 -0.5 0.5
2  1 2 0 -0.5 0.5
0

0101000
+304 0 -303 0 *
Ve
1.01e-07
0 0.5 0.75
0 0

0101101
*
Ve
1.01e-07
0 -0.5 0.75
0 0

0101101
*
Ed
 1e-07 1 1 0
1  2 0 -0.5 0.5
2  2 3 0 -0.5 0.5
0

0101000
+301 0 -300 0 *
Ed
 1e-07 1 1 0
1  3 0 -0.75 0.75
2  3 4 0 -0.75 0.75
0

0101000
-301 0 +303 0 *
Ed
 1e-07 1 1 0
1  4 0 -0.75 0.75
2  4 5 0 -0.75 0.75
0

0101000
-304 0 +300 0 *
Wi

0101100
+302 0 +299 0 +298 0 +297 0 *
Ve
1.01e-07
0 -0.3 -0.55
0 0

0101101
*
Ve
1.01e-07
0 -0.3 0.55
0 0

0101101
*
Ed
 1.00005e-07 1 1 0
1  5 0 -0.55 0.55
2  5 6 0 -0.55 0.55
0

0101000
+295 0 -294 0 *
Ve
1.01e-07
0 0.3 0.55
0 0

0101101
*
Ve
1.01e-07
0 0.3 -0.55
0 0

0101101
*
Ed
 1.00005e-07 1 1 0
1  6 0 -0.55 0.55
2  6 7 0 -0.55 0.55
0

0101000
+292 0 -291 0 *
Ed
 1.00005e-07 1 1 0
1  7 0 -0.3 0.3
2  7 8 0 -0.3 0.3
0

0101000
-292 0 +294 0 *
Ed
 1.00005e-07 1 1 0
1  8 0 -0.3 0.3
2  8 9 0 -0.3 0.3
0

0101000
-295 0 +291 0 *
Wi

0101100
+293 0 +290 0 +289 0 +288 0 *
Fa
0  1e-07 1 0

0101000
+296 0 +287 0 *
Ve
1.01e-07
9.37867965644036 -0.5 -0.75
0 0

0101101
*
Ed
 1e-07 1 1 0
1  9 0 0 9.37867965644036
2  9 2 0 0 9.37867965644036
2  10 5 0 0 9.37867965644036
0

0101000
+304 0 -285 0 *
Ve
1.01e-07
9.37867965644036 0.5 -0.75
0 0

0101101
*
Ed
 1e-07 1 1 0
1  10 0 0 9.37867965644036
2  11 2 0 0 9.37867965644036
2  12 4 0 0 9.37867965644036
0

0101000
+303 0 -283 0 *
Ed
 1e-07 1 1 0
1  11 0 -0.5 0.5
2  13 2 0 -0.5 0.5
2  14 10 0 -0.5 0.5
4 C1 10 0 2 0
0

0101000
+285 0 -283 0 *
Wi

0101100
-284 0 +302 0 +282 0 -281 0 *
Fa
0  1e-07 2 0

0101000
+280 0 *
Ve
1.01e-07
10.7928932188135 0.0857864376269051 -0.75
0 0

0101101
*
Ed
 1e-07 1 1 0
1  12 0 5.89048622548086 6.67588438887831
2  15 11 0 5.89048622548086 6.67588438887831
2  16 10 0 5.89048622548086 6.67588438887831
0

0101000
+285 0 -278 0 *
Ve
1.01e-07
10.0857864376269 0.792893218813452 -0.75
0 0

0101101
*
Ed
 1e-07 1 1 0
1  13 0 5.89048622548086 6.67588438887831
2  17 12 0 5.89048622548086 6.67588438887831
2  18 10 0 5.89048622548086 6.67588438887831
0

0101000
+283 0 -276 0 *
Ed
 1e-07 1 1 0
1  14 0 -0.5 0.5
2  19 10 0 -0.5 0.5
2  20 13 0 -0.5 0.5
4 C1 13 0 10 0
0

0101000
+278 0 -276 0 *
Wi

0101100
+277 0 -281 0 -275 0 +274 0 *
Fa
0  1e-07 10 0

0101000
+273 0 *
Ve
1.01e-07
15.1814319396831 4.47432515849651 -0.75
0 0

0101101
*
Ed
 1e-07 1 1 0
1  15 0 0.621320343559643 6.82765132161291
2  21 13 0 0.621320343559643 6.82765132161291
2  22 14 0 0.621320343559643 6.82765132161291
0

0101000
+278 0 -271 0 *
Ve
1.01e-07
14.4743251584965 5.18143193968305 -0.75
0 0

0101101
*
Ed
 1e-07 1 1 0
1  16 0 0.621320343559643 6.82765132161291
2  23 13 0 0.621320343559643 6.82765132161291
2  24 15 0 0.621320343559643 6.82765132161291
0

0101000
+276 0 -269 0 *
Ed
 1e-07 1 1 0
1  17 0 -0.5 0.5
2  25 13 0 -0.5 0.5
2  26 16 0 -0.5 0.5
4 C1 16 0 13 0
0

0101000
+271 0 -269 0 *
Wi

0101100
-270 0 +274 0 +268 0 -267 0 *
Fa
0  1e-07 13 0

0101000
+266 0 *
Ve
1.01e-07
15.4413251253696 4.66164556830987 -0.75
0 0

0101101
*
Ed
 1e-07 1 1 0
1  18 0 6.12231002998127 6.44406058437791
2  27 17 0 6.12231002998127 6.44406058437791
2  28 16 0 6.12231002998127 6.44406058437791
0

0101000
+271 0 -264 0 *
Ve
1.01e-07
14.9941115298697 5.55607275930979 -0.75
0 0

0101101
*
Ed
 1e-07 1 1 0
1  19 0 6.12231002998127 6.44406058437791
2  29 18 0 6.12231002998127 6.44406058437791
2  30 16 0 6.12231002998127 6.44406058437791
0

0101000
+269 0 -262 0 *
Ed
 1e-07 1 1 0
1  20 0 -0.5 0.5
2  31 16 0 -0.5 0.5
2  32 19 0 -0.5 0.5
4 C1 19 0 16 0
0

0101000
+264 0 -262 0 *
Wi

0101100
+263 0 -267 0 -261 0 +260 0 *
Fa
0  1e-07 16 0

0101000
+259 0 *
Ve
1.01e-07
21.1986844382504 7.54032522475023 -0.75
0 0

0101101
*
Ed
 1e-07 1 1 0
1  21 0 0.24341649025257 6.68033988749895
2  33 19 0 0.24341649025257 6.68033988749895
2  34 20 0 0.24341649025257 6.68033988749895
0

0101000
+264 0 -257 0 *
Ve
1.01e-07
20.7514708427504 8.43475241575015 -0.75
0 0

0101101
*
Ed
 1e-07 1 1 0
1  22 0 0.24341649025257 6.68033988749895
2  35 19 0 0.24341649025257 6.68033988749895
2  36 21 0 0.24341649025257 6.68033988749895
0

0101000
+262 0 -255 0 *
Ed
 1e-07 1 1 0
1  23 0 -0.5 0.5
2  37 19 0 -0.5 0.5
2  38 22 0 -0.5 0.5
4 C1 22 0 19 0
0

0101000
+257 0 -255 0 *
Wi

0101100
-256 0 +260 0 +254 0 -253 0 *
Fa
0  1e-07 19 0

0101000
+252 0 *
Ve
1.01e-07
22.5403252247502 6.19868443825036 -0.75
0 0

0101101
*
Ed
 1e-07 1 1 0
1  24 0 5.03413953478133 7.53223107957784
2  39 23 0 5.03413953478133 7.53223107957784
2  40 22 0 5.03413953478133 7.53223107957784
0

0101000
+257 0 -250 0 *
Ve
1.01e-07
23.4347524157501 5.7514708427504 -0.75
0 0

0101101
*
Ed
 1e-07 1 1 0
1  25 0 5.03413953478133 7.53223107957784
2  41 24 0 5.03413953478133 7.53223107957784
2  42 22 0 5.03413953478133 7.53223107957784
0

0101000
+255 0 -248 0 *
Ed
 1e-07 1 1 0
1  26 0 -0.5 0.5
2  43 22 0 -0.5 0.5
2  44 25 0 -0.5 0.5
4 C1 25 0 22 0
0

0101000
+250 0 -248 0 *
Wi

0101100
+249 0 -253 0 -247 0 +246 0 *
Fa
0  1e-07 22 0

0101000
+245 0 *
Ve
1.01e-07
19.5527864045001 0.223606797749969 -0.75
0 0

0101101
*
Ed
 1e-07 1 1 0
1  27 0 4.5 11.1803398874989
2  45 25 0 4.5 11.1803398874989
2  46 26 0 4.5 11.1803398874989
0

0101000
+250 0 -243 0 *
Ve
1.01e-07
20.4472135955 -0.223606797749987 -0.75
0 0

0101101
*
Ed
 1e-07 1 1 0
1  28 0 4.5 11.1803398874989
2  47 25 0 4.5 11.1803398874989
2  48 27 0 4.5 11.1803398874989
0

0101000
+248 0 -241 0 *
Ed
 1e-07 1 1 0
1  29 0 -0.5 0.5
2  49 25 0 -0.5 0.5
0

0101000
+243 0 -241 0 *
Wi

0101100
-242 0 +246 0 +240 0 -239 0 *
Fa
0  1e-07 25 0

0101000
+238 0 *
Ve
1.01e-07
9.37867965644036 0.5 0.75
0 0

0101101
*
Ed
 1e-07 1 1 0
1  30 0 0 9.37867965644036
2  50 4 0 0 9.37867965644036
2  51 3 0 0 9.37867965644036
0

0101000
+301 0 -236 0 *
Ed
 1e-07 1 1 0
1  31 0 -0.75 0.75
2  52 12 0 -0.75 0.75
2  53 4 0 -0.75 0.75
4 C1 12 0 4 0
0

0101000
+283 0 -236 0 *
Wi

0101100
-282 0 +298 0 +235 0 -234 0 *
Fa
0  1e-07 4 0

0101000
+233 0 *
Ve
1.01e-07
10.0857864376269 0.792893218813452 0.75
0 0

0101101
*
Ed
 1e-07 1 1 0
1  32 0 5.89048622548086 6.67588438887831
2  54 12 0 5.89048622548086 6.67588438887831
2  55 28 0 5.89048622548086 6.67588438887831
0

0101000
+236 0 -231 0 *
Ed
 1e-07 1 1 0
1  33 0 -0.75 0.75
2  56 12 0 -0.75 0.75
2  57 15 0 -0.75 0.75
4 C1 15 0 12 0
0

0101000
+276 0 -231 0 *
Wi

0101100
+275 0 -234 0 -230 0 +229 0 *
Fa
0  1e-07 12 0

0101000
+228 0 *
Ve
1.01e-07
14.4743251584965 5.18143193968305 0.75
0 0

0101101
*
Ed
 1e-07 1 1 0
1  34 0 0.621320343559643 6.82765132161291
2  58 15 0 0.621320343559643 6.82765132161291
2  59 29 0 0.621320343559643 6.82765132161291
0

0101000
+231 0 -226 0 *
Ed
 1e-07 1 1 0
1  35 0 -0.75 0.75
2  60 18 0 -0.75 0.75
2  61 15 0 -0.75 0.75
4 G1 18 0 15 0
0

0101000
+269 0 -226 0 *
Wi

0101100
-268 0 +229 0 +225 0 -224 0 *
Fa
0  1e-07 15 0

0101000
+223 0 *
Ve
1.01e-07
14.9941115298697 5.55607275930979 0.75
0 0

0101101
*
Ed
 1e-07 1 1 0
1  36 0 6.12231002998127 6.44406058437791
2  62 18 0 6.12231002998127 6.44406058437791
2  63 30 0 6.12231002998127 6.44406058437791
0

0101000
+226 0 -221 0 *
Ed
 1e-07 1 1 0
1  37 0 -0.75 0.75
2  64 18 0 -0.75 0.75
2  65 21 0 -0.75 0.75
4 G1 21 0 18 0
0

0101000
+221 0 -262 0 *
Wi

0101100
-261 0 +224 0 +220 0 +219 0 *
Fa
0  1e-07 18 0

0101000
+218 0 *
Ve
1.01e-07
20.7514708427504 8.43475241575015 0.75
0 0

0101101
*
Ed
 1e-07 1 1 0
1  38 0 0.24341649025257 6.68033988749895
2  66 21 0 0.24341649025257 6.68033988749895
2  67 31 0 0.24341649025257 6.68033988749895
0

0101000
+221 0 -216 0 *
Ed
 1e-07 1 1 0
1  39 0 -0.75 0.75
2  68 24 0 -0.75 0.75
2  69 21 0 -0.75 0.75
4 G1 24 0 21 0
0

0101000
+255 0 -216 0 *
Wi

0101100
-254 0 -219 0 +215 0 -214 0 *
Fa
0  1e-07 21 0

0101000
+213 0 *
Ve
1.01e-07
23.4347524157501 5.7514708427504 0.75
0 0

0101101
*
Ed
 1e-07 1 1 0
1  40 0 5.03413953478133 7.53223107957784
2  70 24 0 5.03413953478133 7.53223107957784
2  71 32 0 5.03413953478133 7.53223107957784
0

0101000
+216 0 -211 0 *
Ed
 1e-07 1 1 0
1  41 0 -0.75 0.75
2  72 24 0 -0.75 0.75
2  73 27 0 -0.75 0.75
4 G1 27 0 24 0
0

0101000
+211 0 -248 0 *
Wi

0101100
-247 0 +214 0 +210 0 +209 0 *
Fa
0  1e-07 24 0

0101000
+208 0 *
Ve
1.01e-07
20.4472135955 -0.223606797749984 0.75
0 0

0101101
*
Ed
 1e-07 1 1 0
1  42 0 4.5 11.1803398874989
2  74 27 0 4.5 11.1803398874989
2  75 33 0 4.5 11.1803398874989
0

0101000
+211 0 -206 0 *
Ed
 1e-07 1 1 0
1  43 0 -0.75 0.75
2  76 27 0 -0.75 0.75
0

0101000
-206 0 +241 0 *
Wi

0101100
-240 0 -209 0 +205 0 -204 0 *
Fa
0  1e-07 27 0

0101000
+203 0 *
Ve
1.01e-07
9.37867965644036 -0.5 0.75
0 0

0101101
*
Ed
 1e-07 1 1 0
1  44 0 0 9.37867965644036
2  77 3 0 0 9.37867965644036
2  78 5 0 0 9.37867965644036
0

0101000
+300 0 -201 0 *
Ed
 1e-07 1 1 0
1  45 0 -0.5 0.5
2  79 3 0 -0.5 0.5
2  80 28 0 -0.5 0.5
4 C1 28 0 3 0
0

0101000
+236 0 -201 0 *
Wi

0101100
-235 0 +299 0 +200 0 -199 0 *
Fa
0  1e-07 3 0

0101000
+198 0 *
Ve
1.01e-07
10.7928932188135 0.0857864376269051 0.75
0 0

0101101
*
Ed
 1e-07 1 1 0
1  46 0 5.89048622548086 6.67588438887831
2  81 11 0 5.89048622548086 6.67588438887831
2  82 28 0 5.89048622548086 6.67588438887831
0

0101000
+201 0 -196 0 *
Ed
 1e-07 1 1 0
1  47 0 -0.5 0.5
2  83 28 0 -0.5 0.5
2  84 29 0 -0.5 0.5
4 C1 29 0 28 0
0

0101000
+231 0 -196 0 *
Wi

0101100
+230 0 -199 0 -195 0 +194 0 *
Fa
0  1e-07 28 0

0101000
+193 0 *
Ve
1.01e-07
15.1814319396831 4.47432515849651 0.75
0 0

0101101
*
Ed
 1e-07 1 1 0
1  48 0 0.621320343559643 6.82765132161291
2  85 29 0 0.621320343559643 6.82765132161291
2  86 14 0 0.621320343559643 6.82765132161291
0

0101000
+196 0 -191 0 *
Ed
 1e-07 1 1 0
1  49 0 -0.5 0.5
2  87 29 0 -0.5 0.5
2  88 30 0 -0.5 0.5
4 C1 30 0 29 0
0

0101000
+226 0 -191 0 *
Wi

0101100
-225 0 +194 0 +190 0 -189 0 *
Fa
0  1e-07 29 0

