
CASCADE Topology V1, (c) Matra-Datavision
Locations 1
1
              1               0               0               0 
              0               1               0               0 
              0               0               1               0 
Curve2ds 224
1 0 0 1 0 
1 0 0 1 0 
1 0 0 1 0 
1 0 0 1 0 
1 0 0 1 0 
1 0 0 1 0 
1 0 0 1 0 
1 0 0 1 0 
1 -0.25 0 0 1 
1 0.25 0 0 1 
1 0.25 0 0 1 
1 -0.25 0 0 1 
1 0 9.5857864376269042 1 0 
1 -0.38268343236508967 0.076120467488713053 0.3826834323650895 0.92387953251128696 
8 5.8904862254808616 6.6758843888783108
1 0 -0.25 1 0 
2 -2.2204460492503131e-16 0.99999999999999989 6.6613381477509392e-16 -1 1 6.6613381477509392e-16 1.2499999999999998
8 5.8904862254808616 6.6758843888783108
1 0 -0.25 1 0 
2 -2.2204460492503131e-16 0.99999999999999989 -3.3306690738754696e-16 -1 1 -3.3306690738754696e-16 0.74999999999999967
1 0.38268343236509011 0.07612046748871279 -0.38268343236509073 0.92387953251128629 
1 -3.8857805861880479e-16 0.41421356237309453 1 1.1102230246251565e-16 
1 -0.24999999999999967 -3.8857805861880479e-16 0 1 
1 0.25 0 0 1 
1 0.24999999999999967 3.8857805861880479e-16 0 1 
1 -0.25 0 0 1 
1 0 6.9087901516970973 1 0 
1 -0.16018224300696854 -0.012912542362496809 -0.16018224300696882 0.9870874576374965 
8 6.1223100299812652 6.4440605843779073
1 0 0.25 1 0 
2 -2.7755575615628914e-16 -0.99999999999999956 1.6653345369377348e-16 1 1 -1.6653345369377348e-16 0.74999999999999956
8 6.1223100299812652 6.4440605843779073
1 0 0.25 1 0 
2 -2.7755575615628914e-16 -0.99999999999999956 3.8857805861880479e-16 1 1 -3.8857805861880479e-16 1.2499999999999998
1 0.16018224300696826 -0.012912542362505483 0.16018224300696549 0.98708745763749706 
1 -2.55351295663786e-15 0.1622776601683813 1 -5.5511151231257827e-17 
1 -0.25000000000000039 1.3877787807814457e-16 0 1 
1 0.25 0 0 1 
1 0.25000000000000039 -1.3877787807814457e-16 0 1 
1 -0.25 0 0 1 
1 -4.4408920985006262e-16 8.1803398874989508 1 0 
1 -0.94868329805052076 -0.68377223398315579 -0.94868329805051366 0.31622776601683844 
8 5.0341395347813318 7.5322310795778407
1 0 0.25 1 0 
2 -3.3306690738754696e-16 -0.99999999999999933 -1.7763568394002505e-15 1 1 1.7763568394002505e-15 0.74999999999999856
8 5.0341395347813318 7.5322310795778407
1 0 0.25 1 0 
2 -3.3306690738754696e-16 -0.99999999999999933 1.6098233857064766e-15 1 1 -1.6098233857064766e-15 1.25
1 0.94868329805051355 -0.68377223398316134 0.94868329805051388 0.3162277660168375 
1 -3.1086244689504383e-15 2.9999999999999991 1 -1.1102230246251563e-16 
1 -0.25000000000000122 -2.6367796834847468e-16 0 1 
1 0.24999999999999997 0 -0 1 
1 0.25000000000000122 2.6367796834847468e-16 0 1 
1 -0.24999999999999997 -0 0 1 
1 8.8817841970012523e-16 11.180339887498951 1 0 
1 0.25 0 0 1 
1 -0.25 0 0 1 
8 -0.25 0.25
1 5.8904862254808616 0 0 1 
1 0 9.5857864376269042 1 0 
1 0 0.25 1 0 
2 -2.2204460492503131e-16 -0.99999999999999989 -3.3306690738754696e-16 1 1 3.3306690738754696e-16 0.74999999999999967
1 6.6758843888783108 0 0 1 
1 0 0.41421356237309404 1 0 
1 0.25 0 0 1 
1 -0.24999999999999967 3.8857805861880479e-16 1.1657341758564142e-15 1 
8 -0.25 0.25
1 6.1223100299812652 0 -0 -1 
1 0 6.9087901516970973 1 0 
1 0 -0.25 1 0 
2 -2.7755575615628914e-16 0.99999999999999956 3.8857805861880479e-16 -1 1 3.8857805861880479e-16 1.2499999999999998
1 6.4440605843779073 0 0 1 
1 0 0.16227766016838049 -1 0 
1 0.25 0 0 1 
1 -0.25000000000000039 -1.3877787807814457e-16 9.9920072216264069e-16 1 
8 -0.25 0.25
1 5.0341395347813318 0 -0 -1 
1 0 8.1803398874989508 1 0 
1 0 -0.25 1 0 
2 -3.3306690738754696e-16 0.99999999999999933 1.6098233857064766e-15 -1 1 1.6098233857064766e-15 1.25
1 7.5322310795778407 0 0 1 
1 0 2.9999999999999996 -1 -0 
1 0.25 0 0 1 
1 -0.25000000000000122 2.6367796834847468e-16 -5.5511151231257817e-16 1 
1 0 11.180339887498949 1 0 
1 0.25 0 0 1 
1 -0.25 0 0 1 
1 0 9.5857864376269042 1 0 
1 -0.38268343236508967 -0.076120467488713053 -0.3826834323650895 0.92387953251128696 
8 5.8904862254808616 6.6758843888783108
1 0 0.25 1 0 
2 -2.2204460492503131e-16 -0.99999999999999989 6.6613381477509392e-16 1 1 -6.6613381477509392e-16 1.2499999999999998
1 0.38268343236509011 -0.07612046748871279 0.38268343236509073 0.92387953251128629 
1 3.8857805861880479e-16 0.41421356237309453 1 -1.1102230246251565e-16 
1 0.24999999999999967 -3.8857805861880479e-16 0 1 
1 -0.25 0 0 1 
1 0 6.9087901516970973 1 0 
1 -0.16018224300696854 0.012912542362496809 0.16018224300696882 0.9870874576374965 
8 6.1223100299812652 6.4440605843779073
1 0 -0.25 1 0 
2 -2.7755575615628914e-16 0.99999999999999956 1.6653345369377348e-16 -1 1 1.6653345369377348e-16 0.74999999999999956
1 0.16018224300696826 0.012912542362505483 -0.16018224300696549 0.98708745763749706 
1 2.55351295663786e-15 0.1622776601683813 1 5.5511151231257827e-17 
1 0.25000000000000039 1.3877787807814457e-16 0 1 
1 -0.25 0 0 1 
1 4.4408920985006262e-16 8.1803398874989508 1 0 
1 -0.94868329805052076 0.68377223398315579 0.94868329805051366 0.31622776601683844 
8 5.0341395347813318 7.5322310795778407
1 0 -0.25 1 0 
2 -3.3306690738754696e-16 0.99999999999999933 -1.7763568394002505e-15 -1 1 -1.7763568394002505e-15 0.74999999999999856
1 0.94868329805051355 0.68377223398316134 -0.94868329805051388 0.3162277660168375 
1 3.1086244689504383e-15 2.9999999999999991 1 1.1102230246251563e-16 
1 0.25000000000000122 -2.6367796834847468e-16 0 1 
1 -0.24999999999999997 -0 -0 1 
1 -8.8817841970012523e-16 11.180339887498951 1 0 
8 -0.25 0.25
1 5.8904862254808616 0 -0 -1 
1 0 9.5857864376269042 1 0 
1 6.6758843888783108 0 0 1 
1 0 0.41421356237309476 -1 0 
8 -0.25 0.25
1 6.1223100299812652 0 0 1 
1 0 6.9087901516970973 1 0 
1 6.4440605843779073 0 0 1 
1 0 0.16227766016837852 1 0 
8 -0.25 0.25
1 5.0341395347813318 0 0 1 
1 0 8.1803398874989508 1 0 
1 7.5322310795778407 0 0 1 
1 -0 2.9999999999999987 1 0 
1 -0 11.180339887498949 1 0 
1 -0.14999999999999999 0 0 1 
1 0.14999999999999999 0 0 1 
1 0.14999999999999999 0 0 1 
1 -0.14999999999999999 0 0 1 
8 -0.14999999999999999 0.14999999999999999
1 5.8904862254808616 0 0 1 
1 0 9.5857864376269042 1 0 
1 0 -0.14999999999999999 1 0 
2 -2.2204460492503131e-16 -0.99999999999999989 -1.1102230246251563e-16 1 1 1.1102230246251563e-16 1.1499999999999995
1 0 0.14999999999999999 1 0 
2 -2.2204460492503131e-16 0.99999999999999989 -1.1102230246251563e-16 -1 1 -1.1102230246251563e-16 1.1499999999999995
1 6.6758843888783108 0 0 1 
1 0 0.41421356237309459 1 0 
1 -0.14999999999999999 0 0 1 
1 0.1499999999999998 -2.2204460492503131e-16 1.1657341758564142e-15 1 
1 0.14999999999999999 0 0 1 
1 -0.1499999999999998 -2.2204460492503131e-16 -1.1657341758564142e-15 1 
8 -0.14999999999999999 0.14999999999999999
1 6.1223100299812652 0 -0 -1 
1 0 6.9087901516970973 1 0 
1 0 0.14999999999999999 1 0 
2 -2.7755575615628914e-16 0.99999999999999956 -2.7755575615628914e-16 -1 1 -2.7755575615628914e-16 0.84999999999999964
1 0 -0.14999999999999999 1 0 
2 -2.7755575615628914e-16 -0.99999999999999956 -2.7755575615628914e-16 1 1 2.7755575615628914e-16 0.84999999999999964
1 6.4440605843779073 0 0 1 
1 0 0.16227766016837852 -1 0 
1 -0.14999999999999999 0 0 1 
1 0.14999999999999991 2.3592239273284576e-16 9.9920072216264069e-16 1 
1 0.14999999999999999 0 0 1 
1 -0.14999999999999991 2.3592239273284576e-16 -9.9920072216264069e-16 1 
8 -0.14999999999999999 0.14999999999999999
1 5.0341395347813318 0 -0 -1 
1 0 8.1803398874989508 1 0 
1 0 0.14999999999999999 1 0 
2 -3.3306690738754696e-16 0.99999999999999933 -1.3877787807814457e-15 -1 1 -1.3877787807814457e-15 0.84999999999999842
1 0 -0.14999999999999999 1 0 
2 -3.3306690738754696e-16 -0.99999999999999933 -1.3877787807814457e-15 1 1 1.3877787807814457e-15 0.84999999999999842
1 7.5322310795778407 0 0 1 
1 0 2.9999999999999978 -1 -0 
1 -0.14999999999999999 -0 0 1 
1 0.15000000000000074 -1.5265566588595902e-16 -5.5511151231257817e-16 1 
1 0.14999999999999999 0 0 1 
1 -0.15000000000000074 -1.5265566588595902e-16 5.5511151231257817e-16 1 
1 0 11.180339887498949 1 0 
1 0.14999999999999999 0 0 1 
1 -0.14999999999999999 0 0 1 
1 0 9.5857864376269042 1 0 
1 -0.38268343236508967 0.076120467488713053 0.3826834323650895 0.92387953251128696 
8 5.8904862254808616 6.6758843888783108
1 0 0.14999999999999999 1 0 
2 -2.2204460492503131e-16 0.99999999999999989 7.7715611723760938e-16 -1 1 7.7715611723760938e-16 0.84999999999999998
1 0.38268343236509011 0.07612046748871279 -0.38268343236509073 0.92387953251128629 
1 -3.8857805861880479e-16 0.41421356237309453 1 1.1102230246251565e-16 
1 0.1499999999999998 2.2204460492503131e-16 0 1 
1 -0.14999999999999999 0 0 1 
1 0 6.9087901516970973 1 0 
1 -0.16018224300696854 -0.012912542362496809 -0.16018224300696882 0.9870874576374965 
8 6.1223100299812652 6.4440605843779073
1 0 -0.14999999999999999 1 0 
2 -2.7755575615628914e-16 -0.99999999999999956 6.106226635438361e-16 1 1 -6.106226635438361e-16 1.1499999999999997
1 0.16018224300696826 -0.012912542362505483 0.16018224300696549 0.98708745763749706 
1 -2.55351295663786e-15 0.1622776601683813 1 -5.5511151231257827e-17 
1 0.14999999999999991 -2.3592239273284576e-16 0 1 
1 -0.14999999999999999 0 0 1 
1 -4.4408920985006262e-16 8.1803398874989508 1 0 
1 -0.94868329805052076 -0.68377223398315579 -0.94868329805051366 0.31622776601683844 
8 5.0341395347813318 7.5322310795778407
1 0 -0.14999999999999999 1 0 
2 -3.3306690738754696e-16 -0.99999999999999933 1.6098233857064766e-15 1 1 -1.6098233857064766e-15 1.1500000000000001
1 0.94868329805051355 -0.68377223398316134 0.94868329805051388 0.3162277660168375 
1 -3.1086244689504383e-15 2.9999999999999991 1 -1.1102230246251563e-16 
1 0.15000000000000074 1.5265566588595902e-16 0 1 
1 -0.14999999999999997 -0 -0 1 
1 8.8817841970012523e-16 11.180339887498951 1 0 
1 0.14999999999999999 0 0 1 
1 -0.14999999999999999 0 0 1 
8 -0.14999999999999999 0.14999999999999999
1 5.8904862254808616 0 -0 -1 
1 0 9.5857864376269042 1 0 
1 0 -0.14999999999999999 1 0 
2 -2.2204460492503131e-16 -0.99999999999999989 7.7715611723760938e-16 1 1 -7.7715611723760938e-16 0.84999999999999998
1 6.6758843888783108 0 0 1 
1 0 0.41421356237309476 -1 0 
1 0.14999999999999999 0 0 1 
1 -0.1499999999999998 2.2204460492503131e-16 1.1657341758564142e-15 1 
8 -0.14999999999999999 0.14999999999999999
1 6.1223100299812652 0 0 1 
1 0 6.9087901516970973 1 0 
1 0 0.14999999999999999 1 0 
2 -2.7755575615628914e-16 0.99999999999999956 6.106226635438361e-16 -1 1 6.106226635438361e-16 1.1499999999999997
1 6.4440605843779073 0 0 1 
1 0 0.16227766016838049 1 0 
1 0.14999999999999999 0 0 1 
1 -0.14999999999999991 -2.3592239273284576e-16 9.9920072216264069e-16 1 
8 -0.14999999999999999 0.14999999999999999
1 5.0341395347813318 0 0 1 
1 0 8.1803398874989508 1 0 
1 0 0.14999999999999999 1 0 
2 -3.3306690738754696e-16 0.99999999999999933 1.6098233857064766e-15 -1 1 1.6098233857064766e-15 1.1500000000000001
1 7.5322310795778407 0 0 1 
1 -0 2.9999999999999996 1 0 
1 0.14999999999999999 0 0 1 
1 -0.15000000000000074 1.5265566588595902e-16 -5.5511151231257817e-16 1 
1 -0 11.180339887498949 1 0 
1 0 9.5857864376269042 1 0 
1 -0.38268343236508967 -0.076120467488713053 -0.3826834323650895 0.92387953251128696 
1 0.38268343236509011 -0.07612046748871279 0.38268343236509073 0.92387953251128629 
1 3.8857805861880479e-16 0.41421356237309453 1 -1.1102230246251565e-16 
1 0 6.9087901516970973 1 0 
1 -0.16018224300696854 0.012912542362496809 0.16018224300696882 0.9870874576374965 
1 0.16018224300696826 0.012912542362505483 -0.16018224300696549 0.98708745763749706 
1 2.55351295663786e-15 0.1622776601683813 1 5.5511151231257827e-17 
1 4.4408920985006262e-16 8.1803398874989508 1 0 
1 -0.94868329805052076 0.68377223398315579 0.94868329805051366 0.31622776601683844 
1 0.94868329805051355 0.68377223398316134 -0.94868329805051388 0.3162277660168375 
1 3.1086244689504383e-15 2.9999999999999991 1 1.1102230246251563e-16 
1 -8.8817841970012523e-16 11.180339887498951 1 0 
Curves 120
1 0 0 -0.25 0 1 0 
1 0 0 0.25 0 -1 0 
1 0 0.25 0 0 0 1 
1 0 -0.25 0 0 0 -1 
1 0 -0.14999999999999999 0 0 -0 1 
1 0 0.14999999999999999 0 0 0 -1 
1 0 0 0.14999999999999999 0 1 0 
1 0 0 -0.14999999999999999 0 -1 0 
1 0 -0.25 -0.25 1 -0 0 
1 0 0.25 -0.25 1 -0 0 
1 9.5857864376269042 0 -0.25 0 1 0 
2 9.5857864376269042 0.99999999999999989 -0.25 -0 0 1 0.38268343236509006 -0.92387953251128663 0 0.92387953251128663 0.38268343236509006 0 1.2499999999999998
2 9.5857864376269042 0.99999999999999989 -0.25 -0 0 1 0.38268343236508917 -0.92387953251128696 0 0.92387953251128696 0.38268343236508917 0 0.74999999999999967
1 10.292893218813452 0.29289321881345209 -0.25 -0.70710678118654813 0.70710678118654702 0 
1 10.176776695296637 -0.17677669529663673 -0.25 0.70710678118654691 0.70710678118654824 0 
1 9.8232233047033635 0.17677669529663673 -0.25 0.70710678118654691 0.70710678118654824 0 
1 14.885252366059849 4.8852523660598575 -0.25 -0.70710678118654824 0.70710678118654691 0 
2 15.5923591472464 4.1781455848733051 -0.25 0 0 -1 -0.58471028466376429 0.81124218517556135 0 0.81124218517556135 0.58471028466376429 0 0.74999999999999956
2 15.5923591472464 4.1781455848733051 -0.25 0 0 -1 -0.58471028466376407 0.81124218517556146 0 0.81124218517556146 0.58471028466376407 0 1.2499999999999998
1 15.145145551746445 5.07257277587322 -0.25 -0.44721359549995893 0.89442719099991541 0 
1 15.11180339887499 4.7763932022500208 -0.25 0.89442719099991541 0.44721359549995887 0 
1 14.88819660112501 5.2236067977499792 -0.25 0.89442719099991541 0.44721359549995887 0 
1 22.31671842700025 8.6583592135001339 -0.25 -0.44721359549995887 0.89442719099991541 0 
2 22.76393202250021 7.7639320225002102 -0.24999999999999997 0 0 -1 0.70710678118654513 0.7071067811865499 0 0.7071067811865499 -0.70710678118654513 0 0.74999999999999856
2 22.76393202250021 7.7639320225002102 -0.24999999999999997 0 0 -1 0.70710678118654757 0.70710678118654757 0 0.70710678118654757 -0.70710678118654757 0 1.25
1 23.658359213500127 7.3167184270002537 -0.24999999999999997 0.89442719099991652 -0.44721359549995698 0 
1 24.77639320225002 10.11180339887499 -0.24999999999999997 -0.44721359549995704 -0.89442719099991641 0 
1 25.22360679774998 9.88819660112501 -0.24999999999999997 -0.44721359549995704 -0.89442719099991641 0 
1 20.000000000000011 -7.1054273576010019e-15 -0.24999999999999997 0.89442719099991641 -0.44721359549995704 0 
1 0 0.25 0.25 1 -0 0 
1 9.5857864376269042 0.25 0 0 0 1 
2 9.5857864376269042 0.99999999999999989 0.25 -0 0 1 0.38268343236508917 -0.92387953251128696 0 0.92387953251128696 0.38268343236508917 0 0.74999999999999967
1 10.116116523516814 0.46966991411008918 0 -0 0 1 
1 9.8232233047033635 0.17677669529663673 0.25 0.70710678118654779 0.70710678118654746 -0 
1 14.708475670763217 5.0620290613564887 0 0 0 1 
2 15.5923591472464 4.1781455848733051 0.25 0 0 -1 -0.58471028466376407 0.81124218517556146 0 0.81124218517556146 0.58471028466376407 0 1.2499999999999998
1 15.033342152871453 5.2961795736232 0 0 0 -1 
1 14.88819660112501 5.2236067977499792 0.25 0.89442719099991597 0.44721359549995798 -0 
1 22.204915028125264 8.8819660112501069 0 0 0 1 
2 22.76393202250021 7.7639320225002102 0.25 0 0 -1 0.70710678118654757 0.70710678118654757 0 0.70710678118654757 -0.70710678118654757 0 1.25
1 23.881966011250107 7.2049150281252627 0 0 0 -1 
1 25.22360679774998 9.88819660112501 0.25 -0.44721359549995654 -0.89442719099991663 0 
1 20.223606797749994 -0.1118033988749989 0 0 0 1 
1 0 -0.25 0.25 1 0 0 
1 9.5857864376269042 0 0.25 0 -1 0 
2 9.5857864376269042 0.99999999999999989 0.25 -0 0 1 0.38268343236509006 -0.92387953251128663 0 0.92387953251128663 0.38268343236509006 0 1.2499999999999998
1 10.292893218813452 0.29289321881345209 0.25 0.70710678118654813 -0.70710678118654702 0 
1 10.176776695296637 -0.17677669529663673 0.25 0.70710678118654691 0.70710678118654824 0 
1 14.885252366059849 4.8852523660598575 0.25 0.70710678118654824 -0.70710678118654691 0 
2 15.5923591472464 4.1781455848733051 0.25 0 0 -1 -0.58471028466376429 0.81124218517556135 0 0.81124218517556135 0.58471028466376429 0 0.74999999999999956
1 15.145145551746445 5.07257277587322 0.25 0.44721359549995893 -0.89442719099991541 0 
1 15.11180339887499 4.7763932022500208 0.25 0.89442719099991541 0.44721359549995887 0 
1 22.31671842700025 8.6583592135001339 0.25 0.44721359549995887 -0.89442719099991541 0 
2 22.76393202250021 7.7639320225002102 0.24999999999999997 0 0 -1 0.70710678118654513 0.7071067811865499 0 0.7071067811865499 -0.70710678118654513 0 0.74999999999999856
1 23.658359213500127 7.3167184270002537 0.24999999999999997 -0.89442719099991652 0.44721359549995698 0 
1 24.77639320225002 10.11180339887499 0.24999999999999997 -0.44721359549995704 -0.89442719099991641 0 
1 20.000000000000011 -7.1054273576010019e-15 0.24999999999999997 -0.89442719099991641 0.44721359549995704 0 
1 9.5857864376269042 -0.25 0 0 0 -1 
1 10.469669914110089 0.11611652351681612 0 -0 0 1 
1 15.06202906135649 4.7084756707632156 0 -0 0 -1 
1 15.256948950621432 4.8489659781232417 0 0 0 -1 
1 22.428521825875244 8.4347524157501486 0 -0 0 -1 
1 23.434752415750147 7.4285218258752446 0 0 0 -1 
1 19.776393202250034 0.11180339887498114 0 0 0 -1 
1 0 -0.14999999999999999 -0.14999999999999999 1 0 -0 
1 0 -0.14999999999999999 0.14999999999999999 1 0 -0 
1 9.5857864376269042 -0.14999999999999999 0 0 -0 1 
2 9.5857864376269042 0.99999999999999989 -0.14999999999999999 -0 0 1 0.38268343236508939 -0.92387953251128696 0 0.92387953251128696 0.38268343236508939 0 1.1499999999999995
2 9.5857864376269042 0.99999999999999989 0.14999999999999999 -0 0 1 0.38268343236508939 -0.92387953251128696 0 0.92387953251128696 0.38268343236508939 0 1.1499999999999995
1 10.398959235991434 0.18682720163547029 0 -0 0 1 
1 10.106066017177982 -0.10606601717798203 -0.14999999999999999 0.70710678118654779 0.70710678118654746 -0 
1 10.106066017177982 -0.10606601717798203 0.14999999999999999 0.70710678118654779 0.70710678118654746 -0 
1 14.991318383237836 4.7791863488818702 0 0 0 1 
2 15.5923591472464 4.1781455848733051 -0.14999999999999999 0 0 -1 -0.58471028466376462 0.81124218517556113 0 0.81124218517556113 0.58471028466376462 0 0.84999999999999964
2 15.5923591472464 4.1781455848733051 0.14999999999999999 0 0 -1 -0.58471028466376462 0.81124218517556113 0 0.81124218517556113 0.58471028466376462 0 0.84999999999999964
1 15.212227591071436 4.9384086972232337 0 0 0 -1 
1 15.067082039324994 4.8658359213500129 -0.14999999999999999 0.89442719099991597 0.44721359549995798 -0 
1 15.067082039324994 4.8658359213500129 0.14999999999999999 0.89442719099991597 0.44721359549995798 -0 
1 22.383800466325248 8.5241951348501406 0 0 0 1 
2 22.76393202250021 7.7639320225002102 -0.14999999999999999 0 0 -1 0.70710678118654546 0.70710678118654968 0 0.70710678118654968 -0.70710678118654546 0 0.84999999999999842
2 22.76393202250021 7.7639320225002102 0.14999999999999999 0 0 -1 0.70710678118654546 0.70710678118654968 0 0.70710678118654968 -0.70710678118654546 0 0.84999999999999842
1 23.524195134850139 7.3838004663252494 0 0 0 -1 
1 24.865835921350012 10.067082039324994 -0.14999999999999999 -0.44721359549995654 -0.89442719099991663 0 
1 24.865835921350012 10.067082039324994 0.14999999999999999 -0.44721359549995654 -0.89442719099991663 0 
1 19.865835921350026 0.067082039324985132 0 0 0 1 
1 0 0.14999999999999999 0.14999999999999999 1 -0 0 
1 9.5857864376269042 0 0.14999999999999999 0 1 0 
2 9.5857864376269042 0.99999999999999989 0.14999999999999999 -0 0 1 0.38268343236509017 -0.92387953251128663 0 0.92387953251128663 0.38268343236509017 0 0.84999999999999998
1 10.292893218813452 0.29289321881345209 0.14999999999999999 -0.70710678118654813 0.70710678118654702 0 
1 9.8939339828220181 0.10606601717798203 0.14999999999999999 0.70710678118654691 0.70710678118654824 0 
1 14.885252366059849 4.8852523660598575 0.14999999999999999 -0.70710678118654824 0.70710678118654691 0 
2 15.5923591472464 4.1781455848733051 0.14999999999999999 0 0 -1 -0.58471028466376396 0.81124218517556168 0 0.81124218517556168 0.58471028466376396 0 1.1499999999999997
1 15.145145551746445 5.07257277587322 0.14999999999999999 -0.44721359549995893 0.89442719099991541 0 
1 14.932917960675006 5.1341640786499871 0.14999999999999999 0.89442719099991541 0.44721359549995887 0 
1 22.31671842700025 8.6583592135001339 0.14999999999999999 -0.44721359549995887 0.89442719099991541 0 
2 22.76393202250021 7.7639320225002102 0.14999999999999997 0 0 -1 0.70710678118654757 0.70710678118654757 0 0.70710678118654757 -0.70710678118654757 0 1.1500000000000001
1 23.658359213500127 7.3167184270002537 0.14999999999999997 0.89442719099991652 -0.44721359549995698 0 
1 25.134164078649988 9.932917960675006 0.14999999999999997 -0.44721359549995704 -0.89442719099991641 0 
1 20.000000000000011 -7.1054273576010019e-15 0.14999999999999997 0.89442719099991641 -0.44721359549995704 -0 
1 0 0.14999999999999999 -0.14999999999999999 1 0 0 
1 9.5857864376269042 0.14999999999999999 0 0 0 -1 
2 9.5857864376269042 0.99999999999999989 -0.14999999999999999 -0 0 1 0.38268343236509017 -0.92387953251128663 0 0.92387953251128663 0.38268343236509017 0 0.84999999999999998
1 10.18682720163547 0.39895923599143479 0 -0 0 1 
1 9.8939339828220181 0.10606601717798203 -0.14999999999999999 0.70710678118654779 0.70710678118654746 0 
1 14.779186348881872 4.9913183832378341 0 0 0 -1 
2 15.5923591472464 4.1781455848733051 -0.14999999999999999 0 0 -1 -0.58471028466376396 0.81124218517556168 0 0.81124218517556168 0.58471028466376396 0 1.1499999999999997
1 15.078063512421449 5.2067368545232089 0 0 0 -1 
1 14.932917960675006 5.1341640786499871 -0.14999999999999999 0.89442719099991597 0.44721359549995798 0 
1 22.24963638767526 8.7925232921501149 0 0 0 -1 
2 22.76393202250021 7.7639320225002102 -0.14999999999999999 0 0 -1 0.70710678118654757 0.70710678118654757 0 0.70710678118654757 -0.70710678118654757 0 1.1500000000000001
1 23.792523292150115 7.2496363876752588 0 0 0 -1 
1 25.134164078649988 9.932917960675006 -0.14999999999999999 -0.44721359549995654 -0.89442719099991663 -0 
1 20.134164078650002 -0.067082039325002896 0 0 0 -1 
1 9.5857864376269042 0 -0.14999999999999999 0 -1 0 
1 10.292893218813452 0.29289321881345209 -0.14999999999999999 0.70710678118654813 -0.70710678118654702 0 
1 14.885252366059849 4.8852523660598575 -0.14999999999999999 0.70710678118654824 -0.70710678118654691 0 
1 15.145145551746445 5.07257277587322 -0.14999999999999999 0.44721359549995893 -0.89442719099991541 0 
1 22.31671842700025 8.6583592135001339 -0.14999999999999999 0.44721359549995887 -0.89442719099991541 0 
1 23.658359213500127 7.3167184270002537 -0.14999999999999997 -0.89442719099991652 0.44721359549995698 0 
1 20.000000000000011 -7.1054273576010019e-15 -0.14999999999999997 -0.89442719099991641 0.44721359549995704 0 
Polygon3D 0
PolygonOnTriangulations 0
Surfaces 58
1 0 0 0 1 0 0 0 0 1 0 -1 0 
1 0 0 -0.25 0 0 -1 0 1 0 1 -0 0 
1 0 0 0.25 -0 0 1 0 -1 0 1 0 0 
1 0 0.25 0 0 1 -0 0 0 1 1 -0 0 
1 0 -0.25 0 0 -1 0 0 0 -1 1 0 0 
1 0 -0.14999999999999999 0 0 1 0 0 -0 1 1 0 -0 
1 0 0.14999999999999999 0 0 -1 0 0 0 -1 1 0 0 
1 0 0 0.14999999999999999 0 -0 -1 0 1 0 1 -0 0 
1 0 0 -0.14999999999999999 -0 0 1 0 -1 0 1 0 0 
1 9.9684698699919938 0.076120467488713262 -0.25 -0 0 1 0.92387953251128696 0.3826834323650895 0 -0.3826834323650895 0.92387953251128696 -0 
10 5.8904862254808616 6.6758843888783108 -0.25 0.25
2 9.5857864376269042 0.99999999999999989 0 -0 0 1 0.38268343236509006 -0.92387953251128663 0 0.92387953251128663 0.38268343236509006 0 1.2499999999999998
10 5.8904862254808616 6.6758843888783108 -0.25 0.25
2 9.5857864376269042 0.99999999999999989 0 -0 0 1 0.38268343236508917 -0.92387953251128696 0 0.92387953251128696 0.38268343236508917 0 0.74999999999999967
1 10 0 -0.25 0 0 -1 -0.70710678118654824 0.70710678118654691 0 0.70710678118654691 0.70710678118654824 0 
1 10.176776695296637 -0.17677669529663673 0 0.70710678118654746 -0.70710678118654779 -0 -0 0 -1 0.70710678118654779 0.70710678118654746 0 
1 9.8232233047033635 0.17677669529663673 0 -0.70710678118654746 0.70710678118654779 0 0 0 1 0.70710678118654779 0.70710678118654746 -0 
1 15.007648862582636 4.9893877700488662 -0.25 -0 -0 1 0.81124218517556124 0.5847102846637644 0 -0.5847102846637644 0.81124218517556124 0 
10 6.1223100299812652 6.4440605843779073 -0.25 0.25
2 15.5923591472464 4.1781455848733051 0 0 0 -1 -0.58471028466376429 0.81124218517556135 0 0.81124218517556135 0.58471028466376429 0 0.74999999999999956
10 6.1223100299812652 6.4440605843779073 -0.25 0.25
2 15.5923591472464 4.1781455848733051 0 0 0 -1 -0.58471028466376407 0.81124218517556146 0 0.81124218517556146 0.58471028466376407 0 1.2499999999999998
1 15 5 -0.25 0 0 -1 -0.44721359549995887 0.89442719099991541 0 0.89442719099991541 0.44721359549995887 0 
1 15.11180339887499 4.7763932022500208 0 0.44721359549995798 -0.89442719099991597 -0 -0 0 -1 0.89442719099991597 0.44721359549995798 0 
1 14.88819660112501 5.2236067977499792 0 -0.44721359549995798 0.89442719099991597 0 0 0 1 0.89442719099991597 0.44721359549995798 -0 
1 23.471038803686756 8.4710388036867581 -0.24999999999999997 -0 -0 1 0.70710678118654868 -0.70710678118654646 0 0.70710678118654646 0.70710678118654868 0 
10 5.0341395347813318 7.5322310795778407 -0.25 0.25
2 22.76393202250021 7.7639320225002102 0 0 0 -1 0.70710678118654513 0.7071067811865499 0 0.7071067811865499 -0.70710678118654513 0 0.74999999999999856
10 5.0341395347813318 7.5322310795778407 -0.25 0.25
2 22.76393202250021 7.7639320225002102 0 0 0 -1 0.70710678118654757 0.70710678118654757 0 0.70710678118654757 -0.70710678118654757 0 1.25
1 25 10 -0.24999999999999997 0 -0 -1 0.89442719099991641 -0.44721359549995704 0 -0.44721359549995704 -0.89442719099991641 0 
1 24.77639320225002 10.11180339887499 0 -0.89442719099991663 0.44721359549995654 0 0 0 -1 -0.44721359549995654 -0.89442719099991663 -0 
1 25.22360679774998 9.88819660112501 0 0.89442719099991663 -0.44721359549995654 0 0 0 1 -0.44721359549995654 -0.89442719099991663 0 
1 9.9684698699919938 0.076120467488713262 0.25 0 -0 -1 0.92387953251128696 0.3826834323650895 0 0.3826834323650895 -0.92387953251128696 0 
1 10 0 0.25 -0 0 1 0.70710678118654824 -0.70710678118654691 0 0.70710678118654691 0.70710678118654824 0 
1 15.007648862582636 4.9893877700488662 0.25 0 0 -1 0.81124218517556124 0.5847102846637644 0 0.5847102846637644 -0.81124218517556124 0 
1 15 5 0.25 -0 0 1 0.44721359549995887 -0.89442719099991541 0 0.89442719099991541 0.44721359549995887 0 
1 23.471038803686756 8.4710388036867581 0.24999999999999997 0 0 -1 0.70710678118654868 -0.70710678118654646 0 -0.70710678118654646 -0.70710678118654868 -0 
1 25 10 0.24999999999999997 0 0 1 -0.89442719099991641 0.44721359549995704 0 -0.44721359549995704 -0.89442719099991641 0 
10 5.8904862254808616 6.6758843888783108 -0.14999999999999999 0.14999999999999999
2 9.5857864376269042 0.99999999999999989 0 -0 0 1 0.38268343236508939 -0.92387953251128696 0 0.92387953251128696 0.38268343236508939 0 1.1499999999999995
1 9.9684698699919938 0.076120467488713262 -0.14999999999999999 0 -0 -1 0.92387953251128696 0.3826834323650895 0 0.3826834323650895 -0.92387953251128696 0 
1 9.9684698699919938 0.076120467488713262 0.14999999999999999 -0 0 1 0.92387953251128696 0.3826834323650895 0 -0.3826834323650895 0.92387953251128696 -0 
1 10.106066017177982 -0.10606601717798203 0 -0.70710678118654746 0.70710678118654779 0 0 0 1 0.70710678118654779 0.70710678118654746 -0 
1 10 0 -0.14999999999999999 -0 0 1 0.70710678118654824 -0.70710678118654691 0 0.70710678118654691 0.70710678118654824 0 
1 10 0 0.14999999999999999 0 0 -1 -0.70710678118654824 0.70710678118654691 0 0.70710678118654691 0.70710678118654824 0 
10 6.1223100299812652 6.4440605843779073 -0.14999999999999999 0.14999999999999999
2 15.5923591472464 4.1781455848733051 0 0 0 -1 -0.58471028466376462 0.81124218517556113 0 0.81124218517556113 0.58471028466376462 0 0.84999999999999964
1 15.007648862582636 4.9893877700488662 -0.14999999999999999 0 0 -1 0.81124218517556124 0.5847102846637644 0 0.5847102846637644 -0.81124218517556124 0 
1 15.007648862582636 4.9893877700488662 0.14999999999999999 -0 -0 1 0.81124218517556124 0.5847102846637644 0 -0.5847102846637644 0.81124218517556124 0 
1 15.067082039324994 4.8658359213500129 0 -0.44721359549995798 0.89442719099991597 0 0 0 1 0.89442719099991597 0.44721359549995798 -0 
1 15 5 -0.14999999999999999 -0 0 1 0.44721359549995887 -0.89442719099991541 0 0.89442719099991541 0.44721359549995887 0 
1 15 5 0.14999999999999999 0 0 -1 -0.44721359549995887 0.89442719099991541 0 0.89442719099991541 0.44721359549995887 0 
10 5.0341395347813318 7.5322310795778407 -0.14999999999999999 0.14999999999999999
2 22.76393202250021 7.7639320225002102 0 0 0 -1 0.70710678118654546 0.70710678118654968 0 0.70710678118654968 -0.70710678118654546 0 0.84999999999999842
1 23.471038803686756 8.4710388036867581 -0.14999999999999997 0 0 -1 0.70710678118654868 -0.70710678118654646 0 -0.70710678118654646 -0.70710678118654868 -0 
1 23.471038803686756 8.4710388036867581 0.14999999999999997 -0 -0 1 0.70710678118654868 -0.70710678118654646 0 0.70710678118654646 0.70710678118654868 0 
1 24.865835921350012 10.067082039324994 0 0.89442719099991663 -0.44721359549995654 0 0 0 1 -0.44721359549995654 -0.89442719099991663 0 
1 25 10 -0.14999999999999997 0 0 1 -0.89442719099991641 0.44721359549995704 0 -0.44721359549995704 -0.89442719099991641 0 
1 25 10 0.14999999999999997 -0 0 -1 0.89442719099991641 -0.44721359549995704 -0 -0.44721359549995704 -0.89442719099991641 0 
10 5.8904862254808616 6.6758843888783108 -0.14999999999999999 0.14999999999999999
2 9.5857864376269042 0.99999999999999989 0 -0 0 1 0.38268343236509017 -0.92387953251128663 0 0.92387953251128663 0.38268343236509017 0 0.84999999999999998
1 9.8939339828220181 0.10606601717798203 0 0.70710678118654746 -0.70710678118654779 0 0 0 -1 0.70710678118654779 0.70710678118654746 0 
10 6.1223100299812652 6.4440605843779073 -0.14999999999999999 0.14999999999999999
2 15.5923591472464 4.1781455848733051 0 0 0 -1 -0.58471028466376396 0.81124218517556168 0 0.81124218517556168 0.58471028466376396 0 1.1499999999999997
1 14.932917960675006 5.1341640786499871 0 0.44721359549995798 -0.89442719099991597 0 0 0 -1 0.89442719099991597 0.44721359549995798 0 
10 5.0341395347813318 7.5322310795778407 -0.14999999999999999 0.14999999999999999
2 22.76393202250021 7.7639320225002102 0 0 0 -1 0.70710678118654757 0.70710678118654757 0 0.70710678118654757 -0.70710678118654757 0 1.1500000000000001
1 25.134164078649988 9.932917960675006 0 -0.89442719099991663 0.44721359549995654 0 0 0 -1 -0.44721359549995654 -0.89442719099991663 -0 
1 20 -1.7763568394002505e-15 0 -0.44721359549995704 -0.89442719099991641 0 0 0 1 -0.89442719099991641 0.44721359549995704 0 
Triangulations 0

TShapes 304
Ve
1.01e-07
0 -0.25 -0.25
0 0

0101101
*
Ve
1.01e-07
0 0.25 -0.25
0 0

0101101
*
Ed
 1e-07 1 1 0
1  1 0 -0.25 0.25
2  1 2 0 -0.25 0.25
0

0101000
+304 0 -303 0 *
Ve
1.01e-07
0 0.25 0.25
0 0

0101101
*
Ve
1.01e-07
0 -0.25 0.25
0 0

0101101
*
Ed
 1e-07 1 1 0
1  2 0 -0.25 0.25
2  2 3 0 -0.25 0.25
0

0101000
+301 0 -300 0 *
Ed
 1e-07 1 1 0
1  3 0 -0.25 0.25
2  3 4 0 -0.25 0.25
0

0101000
-301 0 +303 0 *
Ed
 1e-07 1 1 0
1  4 0 -0.25 0.25
2  4 5 0 -0.25 0.25
0

0101000
-304 0 +300 0 *
Wi

0101100
+302 0 +299 0 +298 0 +297 0 *
Ve
1.01e-07
0 -0.15 -0.15
0 0

0101101
*
Ve
1.01e-07
0 -0.15 0.15
0 0

0101101
*
Ed
 1.00005e-07 1 1 0
1  5 0 -0.15 0.15
2  5 6 0 -0.15 0.15
0

0101000
+295 0 -294 0 *
Ve
1.01e-07
0 0.15 0.15
0 0

0101101
*
Ve
1.01e-07
0 0.15 -0.15
0 0

0101101
*
Ed
 1.00005e-07 1 1 0
1  6 0 -0.15 0.15
2  6 7 0 -0.15 0.15
0

0101000
+292 0 -291 0 *
Ed
 1.00005e-07 1 1 0
1  7 0 -0.15 0.15
2  7 8 0 -0.15 0.15
0

0101000
-292 0 +294 0 *
Ed
 1.00005e-07 1 1 0
1  8 0 -0.15 0.15
2  8 9 0 -0.15 0.15
0

0101000
-295 0 +291 0 *
Wi

0101100
+293 0 +290 0 +289 0 +288 0 *
Fa
0  1e-07 1 0

0101000
+296 0 +287 0 *
Ve
1.01e-07
9.5857864376269 -0.25 -0.25
0 0

0101101
*
Ed
 1e-07 1 1 0
1  9 0 0 9.5857864376269
2  9 2 0 0 9.5857864376269
2  10 5 0 0 9.5857864376269
0

0101000
+304 0 -285 0 *
Ve
1.01e-07
9.5857864376269 0.25 -0.25
0 0

0101101
*
Ed
 1e-07 1 1 0
1  10 0 0 9.5857864376269
2  11 2 0 0 9.5857864376269
2  12 4 0 0 9.5857864376269
0

0101000
+303 0 -283 0 *
Ed
 1e-07 1 1 0
1  11 0 -0.25 0.25
2  13 2 0 -0.25 0.25
2  14 10 0 -0.25 0.25
4 C1 10 0 2 0
0

0101000
+285 0 -283 0 *
Wi

0101100
-284 0 +302 0 +282 0 -281 0 *
Fa
0  1e-07 2 0

0101000
+280 0 *
Ve
1.01e-07
10.4696699141101 0.116116523516816 -0.25
0 0

0101101
*
Ed
 1e-07 1 1 0
1  12 0 5.89048622548086 6.67588438887831
2  15 11 0 5.89048622548086 6.67588438887831
2  16 10 0 5.89048622548086 6.67588438887831
0

0101000
+285 0 -278 0 *
Ve
1.01e-07
10.1161165235168 0.46966991411009 -0.25
0 0

0101101
*
Ed
 1e-07 1 1 0
1  13 0 5.89048622548086 6.67588438887831
2  17 12 0 5.89048622548086 6.67588438887831
2  18 10 0 5.89048622548086 6.67588438887831
0

0101000
+283 0 -276 0 *
Ed
 1e-07 1 1 0
1  14 0 -0.25 0.25
2  19 10 0 -0.25 0.25
2  20 13 0 -0.25 0.25
4 C1 13 0 10 0
0

0101000
+278 0 -276 0 *
Wi

0101100
+277 0 -281 0 -275 0 +274 0 *
Fa
0  1e-07 10 0

0101000
+273 0 *
Ve
1.01e-07
15.0620290613565 4.70847567076322 -0.25
0 0

0101101
*
Ed
 1e-07 1 1 0
1  15 0 0.414213562373095 6.9087901516971
2  21 13 0 0.414213562373095 6.9087901516971
2  22 14 0 0.414213562373095 6.9087901516971
0

0101000
+278 0 -271 0 *
Ve
1.01e-07
14.7084756707632 5.06202906135649 -0.25
0 0

0101101
*
Ed
 1e-07 1 1 0
1  16 0 0.414213562373095 6.9087901516971
2  23 13 0 0.414213562373095 6.9087901516971
2  24 15 0 0.414213562373095 6.9087901516971
0

0101000
+276 0 -269 0 *
Ed
 1e-07 1 1 0
1  17 0 -0.25 0.25
2  25 13 0 -0.25 0.25
2  26 16 0 -0.25 0.25
4 C1 16 0 13 0
0

0101000
+271 0 -269 0 *
Wi

0101100
-270 0 +274 0 +268 0 -267 0 *
Fa
0  1e-07 13 0

0101000
+266 0 *
Ve
1.01e-07
15.2569489506214 4.84896597812324 -0.25
0 0

0101101
*
Ed
 1e-07 1 1 0
1  18 0 6.12231002998127 6.44406058437791
2  27 17 0 6.12231002998127 6.44406058437791
2  28 16 0 6.12231002998127 6.44406058437791
0

0101000
+271 0 -264 0 *
Ve
1.01e-07
15.0333421528715 5.2961795736232 -0.25
0 0

0101101
*
Ed
 1e-07 1 1 0
1  19 0 6.12231002998127 6.44406058437791
2  29 18 0 6.12231002998127 6.44406058437791
2  30 16 0 6.12231002998127 6.44406058437791
0

0101000
+269 0 -262 0 *
Ed
 1e-07 1 1 0
1  20 0 -0.25 0.25
2  31 16 0 -0.25 0.25
2  32 19 0 -0.25 0.25
4 C1 19 0 16 0
0

0101000
+264 0 -262 0 *
Wi

0101100
+263 0 -267 0 -261 0 +260 0 *
Fa
0  1e-07 16 0

0101000
+259 0 *
Ve
1.01e-07
22.4285218258752 8.43475241575015 -0.25
0 0

0101101
*
Ed
 1e-07 1 1 0
1  21 0 0.162277660168379 8.18033988749895
2  33 19 0 0.162277660168379 8.18033988749895
2  34 20 0 0.162277660168379 8.18033988749895
0

0101000
+264 0 -257 0 *
Ve
1.01e-07
22.2049150281253 8.88196601125011 -0.25
0 0

0101101
*
Ed
 1e-07 1 1 0
1  22 0 0.162277660168379 8.18033988749895
2  35 19 0 0.162277660168379 8.18033988749895
2  36 21 0 0.162277660168379 8.18033988749895
0

0101000
+262 0 -255 0 *
Ed
 1e-07 1 1 0
1  23 0 -0.25 0.25
2  37 19 0 -0.25 0.25
2  38 22 0 -0.25 0.25
4 C1 22 0 19 0
0

0101000
+257 0 -255 0 *
Wi

0101100
-256 0 +260 0 +254 0 -253 0 *
Fa
0  1e-07 19 0

0101000
+252 0 *
Ve
1.01e-07
23.4347524157501 7.42852182587524 -0.25
0 0

0101101
*
Ed
 1e-07 1 1 0
1  24 0 5.03413953478133 7.53223107957784
2  39 23 0 5.03413953478133 7.53223107957784
2  40 22 0 5.03413953478133 7.53223107957784
0

0101000
+257 0 -250 0 *
Ve
1.01e-07
23.8819660112501 7.20491502812526 -0.25
0 0

0101101
*
Ed
 1e-07 1 1 0
1  25 0 5.03413953478133 7.53223107957784
2  41 24 0 5.03413953478133 7.53223107957784
2  42 22 0 5.03413953478133 7.53223107957784
0

0101000
+255 0 -248 0 *
Ed
 1e-07 1 1 0
1  26 0 -0.25 0.25
2  43 22 0 -0.25 0.25
2  44 25 0 -0.25 0.25
4 C1 25 0 22 0
0

0101000
+250 0 -248 0 *
Wi

0101100
+249 0 -253 0 -247 0 +246 0 *
Fa
0  1e-07 22 0

0101000
+245 0 *
Ve
1.01e-07
19.77639320225 0.111803398874981 -0.25
0 0

0101101
*
Ed
 1e-07 1 1 0
1  27 0 3 11.1803398874989
2  45 25 0 3 11.1803398874989
2  46 26 0 3 11.1803398874989
0

0101000
+250 0 -243 0 *
Ve
1.01e-07
20.22360679775 -0.111803398874999 -0.25
0 0

0101101
*
Ed
 1e-07 1 1 0
1  28 0 3 11.1803398874989
2  47 25 0 3 11.1803398874989
2  48 27 0 3 11.1803398874989
0

0101000
+248 0 -241 0 *
Ed
 1e-07 1 1 0
1  29 0 -0.25 0.25
2  49 25 0 -0.25 0.25
0

0101000
+243 0 -241 0 *
Wi

0101100
-242 0 +246 0 +240 0 -239 0 *
Fa
0  1e-07 25 0

0101000
+238 0 *
Ve
1.01e-07
9.5857864376269 0.25 0.25
0 0

0101101
*
Ed
 1e-07 1 1 0
1  30 0 0 9.5857864376269
2  50 4 0 0 9.5857864376269
2  51 3 0 0 9.5857864376269
0

0101000
+301 0 -236 0 *
Ed
 1e-07 1 1 0
1  31 0 -0.25 0.25
2  52 12 0 -0.25 0.25
2  53 4 0 -0.25 0.25
4 G1 12 0 4 0
0

0101000
+283 0 -236 0 *
Wi

0101100
-282 0 +298 0 +235 0 -234 0 *
Fa
0  1e-07 4 0

0101000
+233 0 *
Ve
1.01e-07
10.1161165235168 0.46966991411009 0.25
0 0

0101101
*
Ed
 1e-07 1 1 0
1  32 0 5.89048622548086 6.67588438887831
2  54 12 0 5.89048622548086 6.67588438887831
2  55 28 0 5.89048622548086 6.67588438887831
0

0101000
+236 0 -231 0 *
Ed
 1e-07 1 1 0
1  33 0 -0.25 0.25
2  56 12 0 -0.25 0.25
2  57 15 0 -0.25 0.25
4 G1 15 0 12 0
0

0101000
+276 0 -231 0 *
Wi

0101100
+275 0 -234 0 -230 0 +229 0 *
Fa
0  1e-07 12 0

0101000
+228 0 *
Ve
1.01e-07
14.7084756707632 5.06202906135649 0.25
0 0

0101101
*
Ed
 1e-07 1 1 0
1  34 0 0.414213562373095 6.9087901516971
2  58 15 0 0.414213562373095 6.9087901516971
2  59 29 0 0.414213562373095 6.9087901516971
0

0101000
+231 0 -226 0 *
Ed
 1e-07 1 1 0
1  35 0 -0.25 0.25
2  60 18 0 -0.25 0.25
2  61 15 0 -0.25 0.25
4 G1 18 0 15 0
0

0101000
+269 0 -226 0 *
Wi

0101100
-268 0 +229 0 +225 0 -224 0 *
Fa
0  1e-07 15 0

0101000
+223 0 *
Ve
1.01e-07
15.0333421528715 5.2961795736232 0.25
0 0

0101101
*
Ed
 1e-07 1 1 0
1  36 0 6.12231002998127 6.44406058437791
2  62 18 0 6.12231002998127 6.44406058437791
2  63 30 0 6.12231002998127 6.44406058437791
0

0101000
+226 0 -221 0 *
Ed
 1e-07 1 1 0
1  37 0 -0.25 0.25
2  64 18 0 -0.25 0.25
2  65 21 0 -0.25 0.25
4 G1 21 0 18 0
0

0101000
+221 0 -262 0 *
Wi

0101100
-261 0 +224 0 +220 0 +219 0 *
Fa
0  1e-07 18 0

0101000
+218 0 *
Ve
1.01e-07
22.2049150281253 8.88196601125011 0.25
0 0

0101101
*
Ed
 1e-07 1 1 0
1  38 0 0.162277660168379 8.18033988749895
2  66 21 0 0.162277660168379 8.18033988749895
2  67 31 0 0.162277660168379 8.18033988749895
0

0101000
+221 0 -216 0 *
Ed
 1e-07 1 1 0
1  39 0 -0.25 0.25
2  68 24 0 -0.25 0.25
2  69 21 0 -0.25 0.25
4 G1 24 0 21 0
0

0101000
+255 0 -216 0 *
Wi

0101100
-254 0 -219 0 +215 0 -214 0 *
Fa
0  1e-07 21 0

0101000
+213 0 *
Ve
1.01e-07
23.8819660112501 7.20491502812526 0.25
0 0

0101101
*
Ed
 1e-07 1 1 0
1  40 0 5.03413953478133 7.53223107957784
2  70 24 0 5.03413953478133 7.53223107957784
2  71 32 0 5.03413953478133 7.53223107957784
0

0101000
+216 0 -211 0 *
Ed
 1e-07 1 1 0
1  41 0 -0.25 0.25
2  72 24 0 -0.25 0.25
2  73 27 0 -0.25 0.25
4 G1 27 0 24 0
0

0101000
+211 0 -248 0 *
Wi

0101100
-247 0 +214 0 +210 0 +209 0 *
Fa
0  1e-07 24 0

0101000
+208 0 *
Ve
1.01e-07
20.22360679775 -0.111803398874997 0.25
0 0

0101101
*
Ed
 1e-07 1 1 0
1  42 0 3 11.1803398874989
2  74 27 0 3 11.1803398874989
2  75 33 0 3 11.1803398874989
0

0101000
+211 0 -206 0 *
Ed
 1e-07 1 1 0
1  43 0 -0.25 0.25
2  76 27 0 -0.25 0.25
0

0101000
-206 0 +241 0 *
Wi

0101100
-240 0 -209 0 +205 0 -204 0 *
Fa
0  1e-07 27 0

0101000
+203 0 *
Ve
1.01e-07
9.5857864376269 -0.25 0.25
0 0

0101101
*
Ed
 1e-07 1 1 0
1  44 0 0 9.5857864376269
2  77 3 0 0 9.5857864376269
2  78 5 0 0 9.5857864376269
0

0101000
+300 0 -201 0 *
Ed
 1e-07 1 1 0
1  45 0 -0.25 0.25
2  79 3 0 -0.25 0.25
2  80 28 0 -0.25 0.25
4 C1 28 0 3 0
0

0101000
+236 0 -201 0 *
Wi

0101100
-235 0 +299 0 +200 0 -199 0 *
Fa
0  1e-07 3 0

0101000
+198 0 *
Ve
1.01e-07
10.4696699141101 0.116116523516816 0.25
0 0

0101101
*
Ed
 1e-07 1 1 0
1  46 0 5.89048622548086 6.67588438887831
2  81 11 0 5.89048622548086 6.67588438887831
2  82 28 0 5.89048622548086 6.67588438887831
0

0101000
+201 0 -196 0 *
Ed
 1e-07 1 1 0
1  47 0 -0.25 0.25
2  83 28 0 -0.25 0.25
2  84 29 0 -0.25 0.25
4 C1 29 0 28 0
0

0101000
+231 0 -196 0 *
Wi

0101100
