
CASCADE Topology V1, (c) Matra-Datavision
Locations 1
1
              1               0               0               0 
              0               1               0               0 
              0               0               1               0 
Curve2ds 224
1 0 0 1 0 
1 0 0 1 0 
1 0 0 1 0 
1 0 0 1 0 
1 0 0 1 0 
1 0 0 1 0 
1 0 0 1 0 
1 0 0 1 0 
1 -0.25 0 0 1 
1 0.25 0 0 1 
1 0.25 0 0 1 
1 -0.25 0 0 1 
1 0 9.7928932188134521 1 0 
1 -0.19134171618254558 0.038060233744357186 0.38268343236509106 0.92387953251128629 
8 5.8904862254808616 6.6758843888783108
1 0 0.25 1 0 
2 -8.3266726846886741e-17 0.50000000000000022 2.2204460492503126e-16 -1 1 2.2204460492503126e-16 0.75000000000000033
8 5.8904862254808616 6.6758843888783108
1 0 -0.25 1 0 
2 -8.3266726846886741e-17 0.50000000000000022 2.2204460492503126e-16 -1 1 2.2204460492503126e-16 0.25000000000000017
1 0.19134171618254692 0.038060233744355812 -0.38268343236508917 0.92387953251128696 
1 -1.762479051592436e-15 0.20710678118654946 1 1.1102230246251565e-16 
1 -0.24999999999999967 -3.8857805861880479e-16 0 1 
1 0.25 0 0 1 
1 0.24999999999999967 3.8857805861880479e-16 0 1 
1 -0.25 0 0 1 
1 -4.4408920985006262e-16 6.9899289817812864 1 0 
1 -0.080091121503483451 -0.0064562711812454557 -0.16018224300696549 0.98708745763749706 
8 6.1223100299812652 6.4440605843779073
1 0 0.25 1 0 
2 -1.1102230246251565e-16 -0.50000000000000056 -3.7192471324942736e-15 1 1 3.7192471324942736e-15 0.25000000000000039
8 6.1223100299812652 6.4440605843779073
1 0 -0.25 1 0 
2 -1.1102230246251565e-16 -0.50000000000000056 1.609823385706477e-15 1 1 -1.609823385706477e-15 0.75000000000000056
1 0.080091121503483118 -0.0064562711812528595 0.16018224300696893 0.9870874576374965 
1 -8.7430063189231078e-16 0.081138830084188859 1 -5.5511151231257827e-17 
1 -0.25000000000000044 1.5265566588595902e-16 0 1 
1 0.25 0 0 1 
1 0.25000000000000044 -1.5265566588595902e-16 0 1 
1 -0.25 0 0 1 
1 -1.3322676295501878e-15 9.680339887498949 1 0 
1 -0.47434164902526521 -0.34188611699157795 -0.94868329805051332 0.31622776601683977 
8 5.0341395347813318 7.5322310795778407
1 0 0.25 1 0 
2 -1.6653345369377348e-16 -0.50000000000000033 -7.2164496600635159e-15 1 1 7.2164496600635159e-15 0.2499999999999995
8 5.0341395347813318 7.5322310795778407
1 0 -0.25 1 0 
2 -1.6653345369377348e-16 -0.50000000000000033 2.7755575615628914e-15 1 1 -2.7755575615628914e-15 0.750000000000001
1 0.47434164902525577 -0.34188611699157812 0.94868329805051443 0.31622776601683622 
1 2.2204460492503131e-16 1.4999999999999947 1 0 
1 -0.25000000000000122 -2.3592239273284576e-16 0 1 
1 0.25 0 -0 1 
1 0.25000000000000122 2.3592239273284576e-16 0 1 
1 -0.25 -0 0 1 
1 -1.7763568394002505e-15 11.180339887498953 1 0 
1 0.25 0 0 1 
1 -0.25 0 0 1 
8 -0.25 0.25
1 5.8904862254808616 0 0 1 
1 0 9.7928932188134521 1 0 
1 0 0.25 1 0 
2 -8.3266726846886741e-17 -0.50000000000000022 2.2204460492503126e-16 1 1 -2.2204460492503126e-16 0.25000000000000017
1 6.6758843888783108 0 0 1 
1 0 0.20710678118654646 1 0 
1 0.25 0 0 1 
1 -0.24999999999999967 3.8857805861880479e-16 1.1657341758564142e-15 1 
8 -0.25 0.25
1 6.1223100299812652 0 0 1 
1 0 6.9899289817812873 1 0 
1 0 0.25 1 0 
2 -1.1102230246251565e-16 0.50000000000000056 1.609823385706477e-15 -1 1 1.609823385706477e-15 0.75000000000000056
1 6.4440605843779073 0 0 1 
1 0 0.081138830084189262 1 0 
1 0.25 0 0 1 
1 -0.25000000000000044 -1.5265566588595902e-16 9.4368957093138306e-16 1 
8 -0.25 0.25
1 5.0341395347813318 0 0 1 
1 0 9.6803398874989508 1 0 
1 0 0.25 1 0 
2 -1.6653345369377348e-16 0.50000000000000033 2.7755575615628914e-15 -1 1 2.7755575615628914e-15 0.750000000000001
1 7.5322310795778407 0 0 1 
1 0 1.4999999999999993 1 0 
1 0.25 0 0 1 
1 -0.25000000000000122 2.3592239273284576e-16 -6.6613381477509383e-16 1 
1 0 11.180339887498949 1 0 
1 0.25 0 0 1 
1 -0.25 0 0 1 
1 0 9.7928932188134521 1 0 
1 -0.19134171618254558 -0.038060233744357186 -0.38268343236509106 0.92387953251128629 
8 5.8904862254808616 6.6758843888783108
1 0 -0.25 1 0 
2 -8.3266726846886741e-17 -0.50000000000000022 2.2204460492503126e-16 1 1 -2.2204460492503126e-16 0.75000000000000033
1 0.19134171618254692 -0.038060233744355812 0.38268343236508917 0.92387953251128696 
1 1.762479051592436e-15 0.20710678118654946 1 -1.1102230246251565e-16 
1 0.24999999999999967 -3.8857805861880479e-16 0 1 
1 -0.25 0 0 1 
1 4.4408920985006262e-16 6.9899289817812864 1 0 
1 -0.080091121503483451 0.0064562711812454557 0.16018224300696549 0.98708745763749706 
8 6.1223100299812652 6.4440605843779073
1 0 -0.25 1 0 
2 -1.1102230246251565e-16 0.50000000000000056 -3.7192471324942736e-15 -1 1 -3.7192471324942736e-15 0.25000000000000039
1 0.080091121503483118 0.0064562711812528595 -0.16018224300696893 0.9870874576374965 
1 8.7430063189231078e-16 0.081138830084188859 1 5.5511151231257827e-17 
1 0.25000000000000044 1.5265566588595902e-16 0 1 
1 -0.25 0 0 1 
1 1.3322676295501878e-15 9.680339887498949 1 0 
1 -0.47434164902526521 0.34188611699157795 0.94868329805051332 0.31622776601683977 
8 5.0341395347813318 7.5322310795778407
1 0 -0.25 1 0 
2 -1.6653345369377348e-16 0.50000000000000033 -7.2164496600635159e-15 -1 1 -7.2164496600635159e-15 0.2499999999999995
1 0.47434164902525577 0.34188611699157812 -0.94868329805051443 0.31622776601683622 
1 -2.2204460492503131e-16 1.4999999999999947 1 0 
1 0.25000000000000122 -2.3592239273284576e-16 0 1 
1 -0.25 -0 -0 1 
1 1.7763568394002505e-15 11.180339887498953 1 0 
8 -0.25 0.25
1 5.8904862254808616 0 0 1 
1 0 9.7928932188134521 1 0 
1 6.6758843888783108 0 0 1 
1 0 0.20710678118654846 1 0 
8 -0.25 0.25
1 6.1223100299812652 0 0 1 
1 0 6.9899289817812873 1 0 
1 6.4440605843779073 0 0 1 
1 0 0.081138830084187277 1 0 
8 -0.25 0.25
1 5.0341395347813318 0 0 1 
1 0 9.680339887498949 1 0 
1 7.5322310795778407 0 0 1 
1 -0 1.4999999999999962 1 0 
1 -0 11.180339887498949 1 0 
1 -0.14999999999999999 0 0 1 
1 0.14999999999999999 0 0 1 
1 0.14999999999999999 0 0 1 
1 -0.14999999999999999 0 0 1 
8 -0.14999999999999999 0.14999999999999999
1 5.8904862254808616 0 0 1 
1 0 9.7928932188134521 1 0 
1 0 -0.14999999999999999 1 0 
2 -8.3266726846886741e-17 -0.50000000000000022 -7.7715611723760958e-16 1 1 7.7715611723760958e-16 0.64999999999999991
1 0 0.14999999999999999 1 0 
2 -8.3266726846886741e-17 0.50000000000000022 -7.7715611723760958e-16 -1 1 -7.7715611723760958e-16 0.64999999999999991
1 6.6758843888783108 0 0 1 
1 0 0.20710678118654835 1 0 
1 -0.14999999999999999 0 0 1 
1 0.1499999999999998 -2.2204460492503131e-16 1.1657341758564142e-15 1 
1 0.14999999999999999 0 0 1 
1 -0.1499999999999998 -2.2204460492503131e-16 -1.1657341758564142e-15 1 
8 -0.14999999999999999 0.14999999999999999
1 6.1223100299812652 0 0 1 
1 0 6.9899289817812873 1 0 
1 0 -0.14999999999999999 1 0 
2 -1.1102230246251565e-16 0.50000000000000056 -2.6645352591003757e-15 -1 1 -2.6645352591003757e-15 0.35000000000000053
1 0 0.14999999999999999 1 0 
2 -1.1102230246251565e-16 -0.50000000000000056 -2.6645352591003757e-15 1 1 2.6645352591003757e-15 0.35000000000000053
1 6.4440605843779073 0 0 1 
1 0 0.081138830084187277 1 0 
1 -0.14999999999999999 0 0 1 
1 0.14999999999999994 2.5673907444456745e-16 9.4368957093138306e-16 1 
1 0.14999999999999999 0 0 1 
1 -0.14999999999999994 2.5673907444456745e-16 -9.4368957093138306e-16 1 
8 -0.14999999999999999 0.14999999999999999
1 5.0341395347813318 0 0 1 
1 0 9.680339887498949 1 0 
1 0 -0.14999999999999999 1 0 
2 -1.6653345369377348e-16 0.50000000000000033 -4.3298697960381105e-15 -1 1 -4.3298697960381105e-15 0.34999999999999931
1 0 0.14999999999999999 1 0 
2 -1.6653345369377348e-16 -0.50000000000000033 -4.3298697960381105e-15 1 1 4.3298697960381105e-15 0.34999999999999931
1 7.5322310795778407 0 0 1 
1 0 1.4999999999999962 1 0 
1 -0.14999999999999999 -0 0 1 
1 0.15000000000000074 -1.3877787807814457e-16 -6.6613381477509383e-16 1 
1 0.14999999999999999 0 0 1 
1 -0.15000000000000074 -1.3877787807814457e-16 6.6613381477509383e-16 1 
1 0 11.180339887498949 1 0 
1 0.14999999999999999 0 0 1 
1 -0.14999999999999999 0 0 1 
1 0 9.7928932188134521 1 0 
1 -0.19134171618254558 0.038060233744357186 0.38268343236509106 0.92387953251128629 
8 5.8904862254808616 6.6758843888783108
1 0 -0.14999999999999999 1 0 
2 -8.3266726846886741e-17 0.50000000000000022 2.0539125955565396e-15 -1 1 2.0539125955565396e-15 0.35000000000000048
1 0.19134171618254692 0.038060233744355812 -0.38268343236508917 0.92387953251128696 
1 -1.762479051592436e-15 0.20710678118654946 1 1.1102230246251565e-16 
1 0.1499999999999998 2.2204460492503131e-16 0 1 
1 -0.14999999999999999 0 0 1 
1 -4.4408920985006262e-16 6.9899289817812864 1 0 
1 -0.080091121503483451 -0.0064562711812454557 -0.16018224300696549 0.98708745763749706 
8 6.1223100299812652 6.4440605843779073
1 0 -0.14999999999999999 1 0 
2 -1.1102230246251565e-16 -0.50000000000000056 1.7208456881689926e-15 1 1 -1.7208456881689926e-15 0.65000000000000047
1 0.080091121503483118 -0.0064562711812528595 0.16018224300696893 0.9870874576374965 
1 -8.7430063189231078e-16 0.081138830084188859 1 -5.5511151231257827e-17 
1 0.14999999999999994 -2.5673907444456745e-16 0 1 
1 -0.14999999999999999 0 0 1 
1 -1.3322676295501878e-15 9.680339887498949 1 0 
1 -0.47434164902526521 -0.34188611699157795 -0.94868329805051332 0.31622776601683977 
8 5.0341395347813318 7.5322310795778407
1 0 -0.14999999999999999 1 0 
2 -1.6653345369377348e-16 -0.50000000000000033 2.7755575615628914e-15 1 1 -2.7755575615628914e-15 0.65000000000000124
1 0.47434164902525577 -0.34188611699157812 0.94868329805051443 0.31622776601683622 
1 2.2204460492503131e-16 1.4999999999999947 1 0 
1 0.15000000000000074 1.3877787807814457e-16 0 1 
1 -0.14999999999999999 -0 -0 1 
1 -1.7763568394002505e-15 11.180339887498953 1 0 
1 0.14999999999999999 0 0 1 
1 -0.14999999999999999 0 0 1 
8 -0.14999999999999999 0.14999999999999999
1 5.8904862254808616 0 0 1 
1 0 9.7928932188134521 1 0 
1 0 0.14999999999999999 1 0 
2 -8.3266726846886741e-17 -0.50000000000000022 2.0539125955565396e-15 1 1 -2.0539125955565396e-15 0.35000000000000048
1 6.6758843888783108 0 0 1 
1 0 0.20710678118654846 1 0 
1 0.14999999999999999 0 0 1 
1 -0.1499999999999998 2.2204460492503131e-16 1.1657341758564142e-15 1 
8 -0.14999999999999999 0.14999999999999999
1 6.1223100299812652 0 0 1 
1 0 6.9899289817812873 1 0 
1 0 0.14999999999999999 1 0 
2 -1.1102230246251565e-16 0.50000000000000056 1.7208456881689926e-15 -1 1 1.7208456881689926e-15 0.65000000000000047
1 6.4440605843779073 0 0 1 
1 0 0.081138830084189262 1 0 
1 0.14999999999999999 0 0 1 
1 -0.14999999999999994 -2.5673907444456745e-16 9.4368957093138306e-16 1 
8 -0.14999999999999999 0.14999999999999999
1 5.0341395347813318 0 0 1 
1 0 9.6803398874989508 1 0 
1 0 0.14999999999999999 1 0 
2 -1.6653345369377348e-16 0.50000000000000033 2.7755575615628914e-15 -1 1 2.7755575615628914e-15 0.65000000000000124
1 7.5322310795778407 0 0 1 
1 -0 1.4999999999999978 1 0 
1 0.14999999999999999 0 0 1 
1 -0.15000000000000074 1.3877787807814457e-16 -6.6613381477509383e-16 1 
1 -0 11.180339887498949 1 0 
1 0 9.7928932188134521 1 0 
1 -0.19134171618254558 -0.038060233744357186 -0.38268343236509106 0.92387953251128629 
1 0.19134171618254692 -0.038060233744355812 0.38268343236508917 0.92387953251128696 
1 1.762479051592436e-15 0.20710678118654946 1 -1.1102230246251565e-16 
1 4.4408920985006262e-16 6.9899289817812864 1 0 
1 -0.080091121503483451 0.0064562711812454557 0.16018224300696549 0.98708745763749706 
1 0.080091121503483118 0.0064562711812528595 -0.16018224300696893 0.9870874576374965 
1 8.7430063189231078e-16 0.081138830084188859 1 5.5511151231257827e-17 
1 1.3322676295501878e-15 9.680339887498949 1 0 
1 -0.47434164902526521 0.34188611699157795 0.94868329805051332 0.31622776601683977 
1 0.47434164902525577 0.34188611699157812 -0.94868329805051443 0.31622776601683622 
1 -2.2204460492503131e-16 1.4999999999999947 1 0 
1 1.7763568394002505e-15 11.180339887498953 1 0 
Curves 120
1 0 0 -0.25 0 1 0 
1 0 0 0.25 0 -1 0 
1 0 0.25 0 0 -0 1 
1 0 -0.25 0 0 0 -1 
1 0 -0.14999999999999999 0 0 -0 1 
1 0 0.14999999999999999 0 0 -0 -1 
1 0 0 0.14999999999999999 0 1 0 
1 0 0 -0.14999999999999999 0 -1 0 
1 0 -0.25 -0.25 1 -0 0 
1 0 0.25 -0.25 1 -0 0 
1 9.7928932188134521 0 -0.25 0 1 0 
2 9.7928932188134521 0.49999999999999994 -0.25 -0 0 1 0.38268343236509128 -0.92387953251128618 0 0.92387953251128618 0.38268343236509128 0 0.75000000000000033
2 9.7928932188134521 0.49999999999999994 -0.25 -0 0 1 0.38268343236509128 -0.92387953251128618 0 0.92387953251128618 0.38268343236509128 0 0.25000000000000011
1 10.146446609406729 0.14644660940672649 -0.25 -0.70710678118654813 0.70710678118654702 0 
1 10.176776695296637 -0.17677669529663673 -0.25 0.70710678118654691 0.70710678118654824 0 
1 9.8232233047033635 0.17677669529663673 -0.25 0.70710678118654691 0.70710678118654824 0 
1 14.942626183029923 4.9426261830299314 -0.25 -0.70710678118654824 0.70710678118654691 0 
2 15.296179573623201 4.589072792436653 -0.25000000000000006 0 0 -1 -0.58471028466377017 0.81124218517555724 0 0.81124218517555724 0.58471028466377017 0 0.25000000000000039
2 15.296179573623201 4.589072792436653 -0.25000000000000006 0 0 -1 -0.58471028466376584 0.81124218517556024 0 0.81124218517556024 0.58471028466376584 0 0.75000000000000056
1 15.072572775873221 5.0362863879366095 -0.25000000000000006 -0.44721359549995882 0.89442719099991541 0 
1 15.11180339887499 4.7763932022500208 -0.25 0.89442719099991552 0.44721359549995882 0 
1 14.88819660112501 5.2236067977499792 -0.25 0.89442719099991552 0.44721359549995882 0 
1 23.658359213500123 9.3291796067500705 -0.25 -0.44721359549995882 0.89442719099991552 0 
2 23.881966011250107 8.8819660112501051 -0.25 0 0 -1 0.70710678118654047 0.70710678118655468 0 0.70710678118655468 -0.70710678118654047 0 0.2499999999999995
2 23.881966011250107 8.8819660112501051 -0.25 0 0 -1 0.70710678118654757 0.70710678118654757 0 0.70710678118654757 -0.70710678118654757 0 0.750000000000001
1 24.329179606750067 8.6583592135001304 -0.25 0.89442719099991641 -0.44721359549995715 0 
1 24.77639320225002 10.11180339887499 -0.25 -0.44721359549995715 -0.89442719099991641 0 
1 25.22360679774998 9.88819660112501 -0.25 -0.44721359549995715 -0.89442719099991641 0 
1 20.000000000000007 -7.1054273576010019e-15 -0.25 0.89442719099991641 -0.44721359549995715 0 
1 0 0.25 0.25 1 0 -0 
1 9.7928932188134521 0.25 0 0 -0 1 
2 9.7928932188134521 0.49999999999999994 0.25 -0 0 1 0.38268343236509128 -0.92387953251128618 0 0.92387953251128618 0.38268343236509128 0 0.25000000000000011
1 9.9696699141100886 0.32322330470336325 0 -0 0 1 
1 9.8232233047033635 0.17677669529663673 0.25 0.70710678118654779 0.70710678118654746 -0 
1 14.765849487733291 5.1194028783265626 0 0 0 1 
2 15.296179573623201 4.589072792436653 0.25 0 0 -1 -0.58471028466376584 0.81124218517556024 0 0.81124218517556024 0.58471028466376584 0 0.75000000000000056
1 14.960769376998231 5.2598931856865896 0 -0 -0 1 
1 14.88819660112501 5.2236067977499792 0.25 0.89442719099991597 0.44721359549995798 -0 
1 23.546555814625137 9.5527864045000435 0 0 0 1 
2 23.881966011250107 8.8819660112501051 0.25 0 0 -1 0.70710678118654757 0.70710678118654757 0 0.70710678118654757 -0.70710678118654757 0 0.750000000000001
1 24.552786404500043 8.5465558146251368 0 -0 -0 1 
1 25.22360679774998 9.88819660112501 0.25 -0.44721359549995654 -0.89442719099991663 0 
1 20.223606797749994 -0.1118033988749989 0 0 0 1 
1 0 -0.25 0.25 1 0 0 
1 9.7928932188134521 0 0.25 0 -1 0 
2 9.7928932188134521 0.49999999999999994 0.25 -0 0 1 0.38268343236509128 -0.92387953251128618 0 0.92387953251128618 0.38268343236509128 0 0.75000000000000033
1 10.146446609406729 0.14644660940672649 0.25 0.70710678118654813 -0.70710678118654702 0 
1 10.176776695296637 -0.17677669529663673 0.25 0.70710678118654691 0.70710678118654824 0 
1 14.942626183029923 4.9426261830299314 0.25 0.70710678118654824 -0.70710678118654691 0 
2 15.296179573623201 4.589072792436653 0.25000000000000006 0 0 -1 -0.58471028466377017 0.81124218517555724 0 0.81124218517555724 0.58471028466377017 0 0.25000000000000039
1 15.072572775873221 5.0362863879366095 0.25000000000000006 0.44721359549995882 -0.89442719099991541 0 
1 15.11180339887499 4.7763932022500208 0.25 0.89442719099991552 0.44721359549995882 0 
1 23.658359213500123 9.3291796067500705 0.25 0.44721359549995882 -0.89442719099991552 0 
2 23.881966011250107 8.8819660112501051 0.25 0 0 -1 0.70710678118654047 0.70710678118655468 0 0.70710678118655468 -0.70710678118654047 0 0.2499999999999995
1 24.329179606750067 8.6583592135001304 0.25 -0.89442719099991641 0.44721359549995715 0 
1 24.77639320225002 10.11180339887499 0.25 -0.44721359549995715 -0.89442719099991641 0 
1 20.000000000000007 -7.1054273576010019e-15 0.25 -0.89442719099991641 0.44721359549995715 0 
1 9.7928932188134521 -0.25 0 0 0 -1 
1 10.323223304703363 -0.030330085889909986 0 0 -0 -1 
1 15.119402878326564 4.7658494877332895 0 -0 0 -1 
1 15.184376174748209 4.8126795901866313 0 0 0 -1 
1 23.770162612375117 9.1055728090000834 0 -0 0 -1 
1 24.105572809000087 8.7701626123751186 0 0 0 -1 
1 19.776393202250034 0.11180339887498114 0 0 0 -1 
1 0 -0.14999999999999999 -0.14999999999999999 1 0 -0 
1 0 -0.14999999999999999 0.14999999999999999 1 0 -0 
1 9.7928932188134521 -0.14999999999999999 0 0 -0 1 
2 9.7928932188134521 0.49999999999999994 -0.14999999999999999 -0 0 1 0.38268343236509034 -0.92387953251128663 0 0.92387953251128663 0.38268343236509034 0 0.64999999999999991
2 9.7928932188134521 0.49999999999999994 0.14999999999999999 -0 0 1 0.38268343236509034 -0.92387953251128663 0 0.92387953251128663 0.38268343236509034 0 0.64999999999999991
1 10.252512626584709 0.040380592228744405 0 -0 0 1 
1 10.106066017177982 -0.10606601717798203 -0.14999999999999999 0.70710678118654779 0.70710678118654746 -0 
1 10.106066017177982 -0.10606601717798203 0.14999999999999999 0.70710678118654779 0.70710678118654746 -0 
1 15.04869220020791 4.8365601658519441 0 0 0 1 
2 15.296179573623201 4.589072792436653 -0.14999999999999999 0 0 -1 -0.58471028466376929 0.8112421851755578 0 0.8112421851755578 0.58471028466376929 0 0.35000000000000053
2 15.296179573623201 4.589072792436653 0.14999999999999999 0 0 -1 -0.58471028466376929 0.8112421851755578 0 0.8112421851755578 0.58471028466376929 0 0.35000000000000053
1 15.139654815198213 4.9021223092866233 0 -0 -0 1 
1 15.067082039324994 4.8658359213500129 -0.14999999999999999 0.89442719099991597 0.44721359549995798 -0 
1 15.067082039324994 4.8658359213500129 0.14999999999999999 0.89442719099991597 0.44721359549995798 -0 
1 23.725441252825121 9.1950155281000754 0 0 0 1 
2 23.881966011250107 8.8819660112501051 -0.14999999999999999 0 0 -1 0.70710678118654247 0.70710678118655257 0 0.70710678118655257 -0.70710678118654247 0 0.34999999999999931
2 23.881966011250107 8.8819660112501051 0.14999999999999999 0 0 -1 0.70710678118654247 0.70710678118655257 0 0.70710678118655257 -0.70710678118654247 0 0.34999999999999931
1 24.195015528100079 8.7254412528251226 0 -0 -0 1 
1 24.865835921350012 10.067082039324994 -0.14999999999999999 -0.44721359549995654 -0.89442719099991663 0 
1 24.865835921350012 10.067082039324994 0.14999999999999999 -0.44721359549995654 -0.89442719099991663 0 
1 19.865835921350026 0.067082039324985132 0 0 0 1 
1 0 0.14999999999999999 0.14999999999999999 1 -0 0 
1 9.7928932188134521 0 0.14999999999999999 0 1 0 
2 9.7928932188134521 0.49999999999999994 0.14999999999999999 -0 0 1 0.38268343236509295 -0.92387953251128552 0 0.92387953251128552 0.38268343236509295 0 0.35000000000000048
1 10.146446609406729 0.14644660940672649 0.14999999999999999 -0.70710678118654813 0.70710678118654702 0 
1 9.8939339828220181 0.10606601717798203 0.14999999999999999 0.70710678118654691 0.70710678118654824 0 
1 14.942626183029923 4.9426261830299314 0.14999999999999999 -0.70710678118654824 0.70710678118654691 0 
2 15.296179573623201 4.589072792436653 0.15000000000000002 0 0 -1 -0.58471028466376573 0.81124218517556035 0 0.81124218517556035 0.58471028466376573 0 0.65000000000000047
1 15.072572775873221 5.0362863879366095 0.15000000000000002 -0.44721359549995882 0.89442719099991541 0 
1 14.932917960675006 5.1341640786499871 0.14999999999999999 0.89442719099991552 0.44721359549995882 0 
1 23.658359213500123 9.3291796067500705 0.14999999999999999 -0.44721359549995882 0.89442719099991552 0 
2 23.881966011250107 8.8819660112501051 0.14999999999999999 0 0 -1 0.70710678118654757 0.70710678118654757 0 0.70710678118654757 -0.70710678118654757 0 0.65000000000000124
1 24.329179606750067 8.6583592135001304 0.14999999999999999 0.89442719099991641 -0.44721359549995715 0 
1 25.134164078649988 9.932917960675006 0.14999999999999999 -0.44721359549995715 -0.89442719099991641 0 
1 20.000000000000007 -7.1054273576010019e-15 0.14999999999999999 0.89442719099991641 -0.44721359549995715 -0 
1 0 0.14999999999999999 -0.14999999999999999 1 0 0 
1 9.7928932188134521 0.14999999999999999 0 0 -0 -1 
2 9.7928932188134521 0.49999999999999994 -0.14999999999999999 -0 0 1 0.38268343236509295 -0.92387953251128552 0 0.92387953251128552 0.38268343236509295 0 0.35000000000000048
1 10.040380592228745 0.2525126265847088 0 0 -0 -1 
1 9.8939339828220181 0.10606601717798203 -0.14999999999999999 0.70710678118654779 0.70710678118654746 0 
1 14.836560165851946 5.048692200207908 0 0 -0 -1 
2 15.296179573623201 4.589072792436653 -0.14999999999999999 0 0 -1 -0.58471028466376573 0.81124218517556035 0 0.81124218517556035 0.58471028466376573 0 0.65000000000000047
1 15.005490736548227 5.1704504665865985 0 0 0 -1 
1 14.932917960675006 5.1341640786499871 -0.14999999999999999 0.89442719099991597 0.44721359549995798 0 
1 23.591277174175133 9.4633436854000514 0 0 -0 -1 
2 23.881966011250107 8.8819660112501051 -0.14999999999999999 0 0 -1 0.70710678118654757 0.70710678118654757 0 0.70710678118654757 -0.70710678118654757 0 0.65000000000000124
1 24.463343685400055 8.5912771741751328 0 0 0 -1 
1 25.134164078649988 9.932917960675006 -0.14999999999999999 -0.44721359549995654 -0.89442719099991663 -0 
1 20.134164078650002 -0.067082039325002896 0 0 0 -1 
1 9.7928932188134521 0 -0.14999999999999999 0 -1 0 
1 10.146446609406729 0.14644660940672649 -0.14999999999999999 0.70710678118654813 -0.70710678118654702 0 
1 14.942626183029923 4.9426261830299314 -0.14999999999999999 0.70710678118654824 -0.70710678118654691 0 
1 15.072572775873221 5.0362863879366095 -0.15000000000000002 0.44721359549995882 -0.89442719099991541 0 
1 23.658359213500123 9.3291796067500705 -0.14999999999999999 0.44721359549995882 -0.89442719099991552 0 
1 24.329179606750067 8.6583592135001304 -0.14999999999999999 -0.89442719099991641 0.44721359549995715 0 
1 20.000000000000007 -7.1054273576010019e-15 -0.14999999999999999 -0.89442719099991641 0.44721359549995715 0 
Polygon3D 0
PolygonOnTriangulations 0
Surfaces 58
1 0 0 0 1 0 0 0 0 1 0 -1 0 
1 0 0 -0.25 0 0 -1 0 1 0 1 -0 0 
1 0 0 0.25 -0 0 1 0 -1 0 1 0 0 
1 0 0.25 0 0 1 0 0 -0 1 1 0 -0 
1 0 -0.25 0 0 -1 0 0 0 -1 1 0 0 
1 0 -0.14999999999999999 0 0 1 0 0 -0 1 1 0 -0 
1 0 0.14999999999999999 0 0 -1 0 0 -0 -1 1 0 0 
1 0 0 0.14999999999999999 0 -0 -1 0 1 0 1 -0 0 
1 0 0 -0.14999999999999999 -0 0 1 0 -1 0 1 0 0 
1 9.9842349349959978 0.038060233744356631 -0.25 -0 0 1 0.92387953251128629 0.38268343236509106 0 -0.38268343236509106 0.92387953251128629 -0 
10 5.8904862254808616 6.6758843888783108 -0.25 0.25
2 9.7928932188134521 0.49999999999999994 0 0 -0 -1 0.38268343236509128 -0.92387953251128618 0 0.92387953251128618 0.38268343236509128 0 0.75000000000000033
10 5.8904862254808616 6.6758843888783108 -0.25 0.25
2 9.7928932188134521 0.49999999999999994 0 -0 0 1 0.38268343236509128 -0.92387953251128618 0 0.92387953251128618 0.38268343236509128 0 0.25000000000000011
1 10 0 -0.25 0 0 -1 -0.70710678118654824 0.70710678118654691 0 0.70710678118654691 0.70710678118654824 0 
1 10.176776695296637 -0.17677669529663673 0 0.70710678118654746 -0.70710678118654779 -0 -0 0 -1 0.70710678118654779 0.70710678118654746 0 
1 9.8232233047033635 0.17677669529663673 0 -0.70710678118654746 0.70710678118654779 0 0 0 1 0.70710678118654779 0.70710678118654746 -0 
1 15.003824431291317 4.9946938850244331 -0.25000000000000006 -0 -0 1 0.81124218517555924 0.58471028466376707 0 -0.58471028466376718 0.81124218517555935 0 
10 6.1223100299812652 6.4440605843779073 -0.25 0.25
2 15.296179573623201 4.589072792436653 0 0 0 -1 -0.58471028466377017 0.81124218517555724 0 0.81124218517555724 0.58471028466377017 0 0.25000000000000039
10 6.1223100299812652 6.4440605843779073 -0.25 0.25
2 15.296179573623201 4.589072792436653 0 -0 -0 1 -0.58471028466376584 0.81124218517556024 0 0.81124218517556024 0.58471028466376584 0 0.75000000000000056
1 15 5 -0.25 0 0 -1 -0.44721359549995882 0.89442719099991552 0 0.89442719099991552 0.44721359549995882 0 
1 15.11180339887499 4.7763932022500208 0 0.44721359549995798 -0.89442719099991597 -0 -0 0 -1 0.89442719099991597 0.44721359549995798 0 
1 14.88819660112501 5.2236067977499792 0 -0.44721359549995798 0.89442719099991597 0 0 0 1 0.89442719099991597 0.44721359549995798 -0 
1 24.23551940184338 9.2355194018433799 -0.25 -0 -0 1 0.70710678118654957 -0.70710678118654557 0 0.70710678118654557 0.70710678118654957 0 
10 5.0341395347813318 7.5322310795778407 -0.25 0.25
2 23.881966011250107 8.8819660112501051 0 0 0 -1 0.70710678118654047 0.70710678118655468 0 0.70710678118655468 -0.70710678118654047 0 0.2499999999999995
10 5.0341395347813318 7.5322310795778407 -0.25 0.25
2 23.881966011250107 8.8819660112501051 0 -0 -0 1 0.70710678118654757 0.70710678118654757 0 0.70710678118654757 -0.70710678118654757 0 0.750000000000001
1 25 10 -0.25 0 -0 -1 0.89442719099991641 -0.44721359549995715 0 -0.44721359549995715 -0.89442719099991641 0 
1 24.77639320225002 10.11180339887499 0 -0.89442719099991663 0.44721359549995654 0 0 0 -1 -0.44721359549995654 -0.89442719099991663 -0 
1 25.22360679774998 9.88819660112501 0 0.89442719099991663 -0.44721359549995654 0 0 0 1 -0.44721359549995654 -0.89442719099991663 0 
1 9.9842349349959978 0.038060233744356631 0.25 0 -0 -1 0.92387953251128629 0.38268343236509106 0 0.38268343236509106 -0.92387953251128629 0 
1 10 0 0.25 -0 0 1 0.70710678118654824 -0.70710678118654691 0 0.70710678118654691 0.70710678118654824 0 
1 15.003824431291317 4.9946938850244331 0.25000000000000006 0 0 -1 0.81124218517555924 0.58471028466376707 0 0.58471028466376718 -0.81124218517555935 0 
1 15 5 0.25 -0 0 1 0.44721359549995882 -0.89442719099991552 0 0.89442719099991552 0.44721359549995882 0 
1 24.23551940184338 9.2355194018433799 0.25 0 0 -1 0.70710678118654957 -0.70710678118654557 0 -0.70710678118654557 -0.70710678118654957 -0 
1 25 10 0.25 0 0 1 -0.89442719099991641 0.44721359549995715 0 -0.44721359549995715 -0.89442719099991641 0 
10 5.8904862254808616 6.6758843888783108 -0.14999999999999999 0.14999999999999999
2 9.7928932188134521 0.49999999999999994 0 -0 0 1 0.38268343236509034 -0.92387953251128663 0 0.92387953251128663 0.38268343236509034 0 0.64999999999999991
1 9.9842349349959978 0.038060233744356631 -0.14999999999999999 0 -0 -1 0.92387953251128629 0.38268343236509106 0 0.38268343236509106 -0.92387953251128629 0 
1 9.9842349349959978 0.038060233744356631 0.14999999999999999 -0 0 1 0.92387953251128629 0.38268343236509106 0 -0.38268343236509106 0.92387953251128629 -0 
1 10.106066017177982 -0.10606601717798203 0 -0.70710678118654746 0.70710678118654779 0 0 0 1 0.70710678118654779 0.70710678118654746 -0 
1 10 0 -0.14999999999999999 -0 0 1 0.70710678118654824 -0.70710678118654691 0 0.70710678118654691 0.70710678118654824 0 
1 10 0 0.14999999999999999 0 0 -1 -0.70710678118654824 0.70710678118654691 0 0.70710678118654691 0.70710678118654824 0 
10 6.1223100299812652 6.4440605843779073 -0.14999999999999999 0.14999999999999999
2 15.296179573623201 4.589072792436653 0 -0 -0 1 -0.58471028466376929 0.8112421851755578 0 0.8112421851755578 0.58471028466376929 0 0.35000000000000053
1 15.003824431291317 4.9946938850244331 -0.15000000000000002 0 0 -1 0.81124218517555924 0.58471028466376707 0 0.58471028466376718 -0.81124218517555935 0 
1 15.003824431291317 4.9946938850244331 0.15000000000000002 -0 -0 1 0.81124218517555924 0.58471028466376707 0 -0.58471028466376718 0.81124218517555935 0 
1 15.067082039324994 4.8658359213500129 0 -0.44721359549995798 0.89442719099991597 0 0 0 1 0.89442719099991597 0.44721359549995798 -0 
1 15 5 -0.14999999999999999 -0 0 1 0.44721359549995882 -0.89442719099991552 0 0.89442719099991552 0.44721359549995882 0 
1 15 5 0.14999999999999999 0 0 -1 -0.44721359549995882 0.89442719099991552 0 0.89442719099991552 0.44721359549995882 0 
10 5.0341395347813318 7.5322310795778407 -0.14999999999999999 0.14999999999999999
2 23.881966011250107 8.8819660112501051 0 -0 -0 1 0.70710678118654247 0.70710678118655257 0 0.70710678118655257 -0.70710678118654247 0 0.34999999999999931
1 24.23551940184338 9.2355194018433799 -0.14999999999999999 0 0 -1 0.70710678118654957 -0.70710678118654557 0 -0.70710678118654557 -0.70710678118654957 -0 
1 24.23551940184338 9.2355194018433799 0.14999999999999999 -0 -0 1 0.70710678118654957 -0.70710678118654557 0 0.70710678118654557 0.70710678118654957 0 
1 24.865835921350012 10.067082039324994 0 0.89442719099991663 -0.44721359549995654 0 0 0 1 -0.44721359549995654 -0.89442719099991663 0 
1 25 10 -0.14999999999999999 0 0 1 -0.89442719099991641 0.44721359549995715 0 -0.44721359549995715 -0.89442719099991641 0 
1 25 10 0.14999999999999999 -0 0 -1 0.89442719099991641 -0.44721359549995715 -0 -0.44721359549995715 -0.89442719099991641 0 
10 5.8904862254808616 6.6758843888783108 -0.14999999999999999 0.14999999999999999
2 9.7928932188134521 0.49999999999999994 0 0 -0 -1 0.38268343236509295 -0.92387953251128552 0 0.92387953251128552 0.38268343236509295 0 0.35000000000000048
1 9.8939339828220181 0.10606601717798203 0 0.70710678118654746 -0.70710678118654779 0 0 -0 -1 0.70710678118654779 0.70710678118654746 0 
10 6.1223100299812652 6.4440605843779073 -0.14999999999999999 0.14999999999999999
2 15.296179573623201 4.589072792436653 0 0 0 -1 -0.58471028466376573 0.81124218517556035 0 0.81124218517556035 0.58471028466376573 0 0.65000000000000047
1 14.932917960675006 5.1341640786499871 0 0.44721359549995798 -0.89442719099991597 0 0 -0 -1 0.89442719099991597 0.44721359549995798 0 
10 5.0341395347813318 7.5322310795778407 -0.14999999999999999 0.14999999999999999
2 23.881966011250107 8.8819660112501051 0 0 0 -1 0.70710678118654757 0.70710678118654757 0 0.70710678118654757 -0.70710678118654757 0 0.65000000000000124
1 25.134164078649988 9.932917960675006 0 -0.89442719099991663 0.44721359549995654 0 0 0 -1 -0.44721359549995654 -0.89442719099991663 -0 
1 20 -1.7763568394002505e-15 0 -0.44721359549995715 -0.89442719099991641 0 0 0 1 -0.89442719099991641 0.44721359549995715 0 
Triangulations 0

TShapes 304
Ve
1.01e-07
0 -0.25 -0.25
0 0

0101101
*
Ve
1.01e-07
0 0.25 -0.25
0 0

0101101
*
Ed
 1e-07 1 1 0
1  1 0 -0.25 0.25
2  1 2 0 -0.25 0.25
0

0101000
+304 0 -303 0 *
Ve
1.01e-07
0 0.25 0.25
0 0

0101101
*
Ve
1.01e-07
0 -0.25 0.25
0 0

0101101
*
Ed
 1e-07 1 1 0
1  2 0 -0.25 0.25
2  2 3 0 -0.25 0.25
0

0101000
+301 0 -300 0 *
Ed
 1e-07 1 1 0
1  3 0 -0.25 0.25
2  3 4 0 -0.25 0.25
0

0101000
-301 0 +303 0 *
Ed
 1e-07 1 1 0
1  4 0 -0.25 0.25
2  4 5 0 -0.25 0.25
0

0101000
-304 0 +300 0 *
Wi

0101100
+302 0 +299 0 +298 0 +297 0 *
Ve
1.01e-07
0 -0.15 -0.15
0 0

0101101
*
Ve
1.01e-07
0 -0.15 0.15
0 0

0101101
*
Ed
 1.00005e-07 1 1 0
1  5 0 -0.15 0.15
2  5 6 0 -0.15 0.15
0

0101000
+295 0 -294 0 *
Ve
1.01e-07
0 0.15 0.15
0 0

0101101
*
Ve
1.01e-07
0 0.15 -0.15
0 0

0101101
*
Ed
 1.00005e-07 1 1 0
1  6 0 -0.15 0.15
2  6 7 0 -0.15 0.15
0

0101000
+292 0 -291 0 *
Ed
 1.00005e-07 1 1 0
1  7 0 -0.15 0.15
2  7 8 0 -0.15 0.15
0

0101000
-292 0 +294 0 *
Ed
 1.00005e-07 1 1 0
1  8 0 -0.15 0.15
2  8 9 0 -0.15 0.15
0

0101000
-295 0 +291 0 *
Wi

0101100
+293 0 +290 0 +289 0 +288 0 *
Fa
0  1e-07 1 0

0101000
+296 0 +287 0 *
Ve
1.01e-07
9.79289321881345 -0.25 -0.25
0 0

0101101
*
Ed
 1e-07 1 1 0
1  9 0 0 9.79289321881345
2  9 2 0 0 9.79289321881345
2  10 5 0 0 9.79289321881345
0

0101000
+304 0 -285 0 *
Ve
1.01e-07
9.79289321881345 0.25 -0.25
0 0

0101101
*
Ed
 1e-07 1 1 0
1  10 0 0 9.79289321881345
2  11 2 0 0 9.79289321881345
2  12 4 0 0 9.79289321881345
0

0101000
+303 0 -283 0 *
Ed
 1e-07 1 1 0
1  11 0 -0.25 0.25
2  13 2 0 -0.25 0.25
2  14 10 0 -0.25 0.25
4 C1 10 0 2 0
0

0101000
+285 0 -283 0 *
Wi

0101100
-284 0 +302 0 +282 0 -281 0 *
Fa
0  1e-07 2 0

0101000
+280 0 *
Ve
1.01e-07
10.3232233047034 -0.0303300858899101 -0.25
0 0

0101101
*
Ed
 1e-07 1 1 0
1  12 0 5.89048622548086 6.67588438887831
2  15 11 0 5.89048622548086 6.67588438887831
2  16 10 0 5.89048622548086 6.67588438887831
0

0101000
+285 0 -278 0 *
Ve
1.01e-07
9.96966991411009 0.323223304703363 -0.25
0 0

0101101
*
Ed
 1e-07 1 1 0
1  13 0 5.89048622548086 6.67588438887831
2  17 12 0 5.89048622548086 6.67588438887831
2  18 10 0 5.89048622548086 6.67588438887831
0

0101000
+283 0 -276 0 *
Ed
 1e-07 1 1 0
1  14 0 -0.25 0.25
2  19 10 0 -0.25 0.25
2  20 13 0 -0.25 0.25
4 C1 13 0 10 0
0

0101000
+278 0 -276 0 *
Wi

0101100
+277 0 -281 0 -275 0 +274 0 *
Fa
0  1e-07 10 0

0101000
+273 0 *
Ve
1.01e-07
15.1194028783266 4.76584948773329 -0.25
0 0

0101101
*
Ed
 1e-07 1 1 0
1  15 0 0.207106781186548 6.98992898178129
2  21 13 0 0.207106781186548 6.98992898178129
2  22 14 0 0.207106781186548 6.98992898178129
0

0101000
+278 0 -271 0 *
Ve
1.01e-07
14.7658494877333 5.11940287832656 -0.25
0 0

0101101
*
Ed
 1e-07 1 1 0
1  16 0 0.207106781186548 6.98992898178129
2  23 13 0 0.207106781186548 6.98992898178129
2  24 15 0 0.207106781186548 6.98992898178129
0

0101000
+276 0 -269 0 *
Ed
 1e-07 1 1 0
1  17 0 -0.25 0.25
2  25 13 0 -0.25 0.25
2  26 16 0 -0.25 0.25
4 C1 16 0 13 0
0

0101000
+271 0 -269 0 *
Wi

0101100
-270 0 +274 0 +268 0 -267 0 *
Fa
0  1e-07 13 0

0101000
+266 0 *
Ve
1.01e-07
15.1843761747482 4.81267959018663 -0.25
0 0

0101101
*
Ed
 1e-07 1 1 0
1  18 0 6.12231002998127 6.44406058437791
2  27 17 0 6.12231002998127 6.44406058437791
2  28 16 0 6.12231002998127 6.44406058437791
0

0101000
+271 0 -264 0 *
Ve
1.01e-07
14.9607693769982 5.25989318568659 -0.25
0 0

0101101
*
Ed
 1e-07 1 1 0
1  19 0 6.12231002998127 6.44406058437791
2  29 18 0 6.12231002998127 6.44406058437791
2  30 16 0 6.12231002998127 6.44406058437791
0

0101000
+269 0 -262 0 *
Ed
 1e-07 1 1 0
1  20 0 -0.25 0.25
2  31 16 0 -0.25 0.25
2  32 19 0 -0.25 0.25
4 C1 19 0 16 0
0

0101000
+264 0 -262 0 *
Wi

0101100
+263 0 -267 0 -261 0 +260 0 *
Fa
0  1e-07 16 0

0101000
+259 0 *
Ve
1.01e-07
23.7701626123751 9.10557280900009 -0.25
0 0

0101101
*
Ed
 1e-07 1 1 0
1  21 0 0.0811388300841893 9.68033988749895
2  33 19 0 0.0811388300841893 9.68033988749895
2  34 20 0 0.0811388300841893 9.68033988749895
0

0101000
+264 0 -257 0 *
Ve
1.01e-07
23.5465558146251 9.55278640450004 -0.25
0 0

0101101
*
Ed
 1e-07 1 1 0
1  22 0 0.0811388300841893 9.68033988749895
2  35 19 0 0.0811388300841893 9.68033988749895
2  36 21 0 0.0811388300841893 9.68033988749895
0

0101000
+262 0 -255 0 *
Ed
 1e-07 1 1 0
1  23 0 -0.25 0.25
2  37 19 0 -0.25 0.25
2  38 22 0 -0.25 0.25
4 C1 22 0 19 0
0

0101000
+257 0 -255 0 *
Wi

0101100
-256 0 +260 0 +254 0 -253 0 *
Fa
0  1e-07 19 0

0101000
+252 0 *
Ve
1.01e-07
24.1055728090001 8.77016261237512 -0.25
0 0

0101101
*
Ed
 1e-07 1 1 0
1  24 0 5.03413953478133 7.53223107957784
2  39 23 0 5.03413953478133 7.53223107957784
2  40 22 0 5.03413953478133 7.53223107957784
0

0101000
+257 0 -250 0 *
Ve
1.01e-07
24.5527864045 8.54655581462514 -0.25
0 0

0101101
*
Ed
 1e-07 1 1 0
1  25 0 5.03413953478133 7.53223107957784
2  41 24 0 5.03413953478133 7.53223107957784
2  42 22 0 5.03413953478133 7.53223107957784
0

0101000
+255 0 -248 0 *
Ed
 1e-07 1 1 0
1  26 0 -0.25 0.25
2  43 22 0 -0.25 0.25
2  44 25 0 -0.25 0.25
4 C1 25 0 22 0
0

0101000
+250 0 -248 0 *
Wi

0101100
+249 0 -253 0 -247 0 +246 0 *
Fa
0  1e-07 22 0

0101000
+245 0 *
Ve
1.01e-07
19.77639320225 0.111803398874981 -0.25
0 0

0101101
*
Ed
 1e-07 1 1 0
1  27 0 1.5 11.1803398874989
2  45 25 0 1.5 11.1803398874989
2  46 26 0 1.5 11.1803398874989
0

0101000
+250 0 -243 0 *
Ve
1.01e-07
20.22360679775 -0.111803398874999 -0.25
0 0

0101101
*
Ed
 1e-07 1 1 0
1  28 0 1.5 11.1803398874989
2  47 25 0 1.5 11.1803398874989
2  48 27 0 1.5 11.1803398874989
0

0101000
+248 0 -241 0 *
Ed
 1e-07 1 1 0
1  29 0 -0.25 0.25
2  49 25 0 -0.25 0.25
0

0101000
+243 0 -241 0 *
Wi

0101100
-242 0 +246 0 +240 0 -239 0 *
Fa
0  1e-07 25 0

0101000
+238 0 *
Ve
1.01e-07
9.79289321881345 0.25 0.25
0 0

0101101
*
Ed
 1e-07 1 1 0
1  30 0 0 9.79289321881345
2  50 4 0 0 9.79289321881345
2  51 3 0 0 9.79289321881345
0

0101000
+301 0 -236 0 *
Ed
 1e-07 1 1 0
1  31 0 -0.25 0.25
2  52 12 0 -0.25 0.25
2  53 4 0 -0.25 0.25
4 G1 12 0 4 0
0

0101000
+283 0 -236 0 *
Wi

0101100
-282 0 +298 0 +235 0 -234 0 *
Fa
0  1e-07 4 0

0101000
+233 0 *
Ve
1.01e-07
9.96966991411009 0.323223304703363 0.25
0 0

0101101
*
Ed
 1e-07 1 1 0
1  32 0 5.89048622548086 6.67588438887831
2  54 12 0 5.89048622548086 6.67588438887831
2  55 28 0 5.89048622548086 6.67588438887831
0

0101000
+236 0 -231 0 *
Ed
 1e-07 1 1 0
1  33 0 -0.25 0.25
2  56 12 0 -0.25 0.25
2  57 15 0 -0.25 0.25
4 G1 15 0 12 0
0

0101000
+276 0 -231 0 *
Wi

0101100
+275 0 -234 0 -230 0 +229 0 *
Fa
0  1e-07 12 0

0101000
+228 0 *
Ve
1.01e-07
14.7658494877333 5.11940287832656 0.25
0 0

0101101
*
Ed
 1e-07 1 1 0
1  34 0 0.207106781186548 6.98992898178129
2  58 15 0 0.207106781186548 6.98992898178129
2  59 29 0 0.207106781186548 6.98992898178129
0

0101000
+231 0 -226 0 *
Ed
 1e-07 1 1 0
1  35 0 -0.25 0.25
2  60 18 0 -0.25 0.25
2  61 15 0 -0.25 0.25
4 G1 18 0 15 0
0

0101000
+269 0 -226 0 *
Wi

0101100
-268 0 +229 0 +225 0 -224 0 *
Fa
0  1e-07 15 0

0101000
+223 0 *
Ve
1.01e-07
14.9607693769982 5.25989318568659 0.25
0 0

0101101
*
Ed
 1e-07 1 1 0
1  36 0 6.12231002998127 6.44406058437791
2  62 18 0 6.12231002998127 6.44406058437791
2  63 30 0 6.12231002998127 6.44406058437791
0

0101000
+226 0 -221 0 *
Ed
 1e-07 1 1 0
1  37 0 -0.25 0.25
2  64 18 0 -0.25 0.25
2  65 21 0 -0.25 0.25
4 G1 21 0 18 0
0

0101000
+262 0 -221 0 *
Wi

0101100
+261 0 -224 0 -220 0 +219 0 *
Fa
0  1e-07 18 0

0101000
+218 0 *
Ve
1.01e-07
23.5465558146251 9.55278640450004 0.25
0 0

0101101
*
Ed
 1e-07 1 1 0
1  38 0 0.0811388300841893 9.68033988749895
2  66 21 0 0.0811388300841893 9.68033988749895
2  67 31 0 0.0811388300841893 9.68033988749895
0

0101000
+221 0 -216 0 *
Ed
 1e-07 1 1 0
1  39 0 -0.25 0.25
2  68 24 0 -0.25 0.25
2  69 21 0 -0.25 0.25
4 G1 24 0 21 0
0

0101000
+255 0 -216 0 *
Wi

0101100
-254 0 +219 0 +215 0 -214 0 *
Fa
0  1e-07 21 0

0101000
+213 0 *
Ve
1.01e-07
24.5527864045 8.54655581462514 0.25
0 0

0101101
*
Ed
 1e-07 1 1 0
1  40 0 5.03413953478133 7.53223107957784
2  70 24 0 5.03413953478133 7.53223107957784
2  71 32 0 5.03413953478133 7.53223107957784
0

0101000
+216 0 -211 0 *
Ed
 1e-07 1 1 0
1  41 0 -0.25 0.25
2  72 24 0 -0.25 0.25
2  73 27 0 -0.25 0.25
4 G1 27 0 24 0
0

0101000
+248 0 -211 0 *
Wi

0101100
+247 0 -214 0 -210 0 +209 0 *
Fa
0  1e-07 24 0

0101000
+208 0 *
Ve
1.01e-07
20.22360679775 -0.111803398874997 0.25
0 0

0101101
*
Ed
 1e-07 1 1 0
1  42 0 1.5 11.1803398874989
2  74 27 0 1.5 11.1803398874989
2  75 33 0 1.5 11.1803398874989
0

0101000
+211 0 -206 0 *
Ed
 1e-07 1 1 0
1  43 0 -0.25 0.25
2  76 27 0 -0.25 0.25
0

0101000
-206 0 +241 0 *
Wi

0101100
-240 0 +209 0 +205 0 -204 0 *
Fa
0  1e-07 27 0

0101000
+203 0 *
Ve
1.01e-07
9.79289321881345 -0.25 0.25
0 0

0101101
*
Ed
 1e-07 1 1 0
1  44 0 0 9.79289321881345
2  77 3 0 0 9.79289321881345
2  78 5 0 0 9.79289321881345
0

0101000
+300 0 -201 0 *
Ed
 1e-07 1 1 0
1  45 0 -0.25 0.25
2  79 3 0 -0.25 0.25
2  80 28 0 -0.25 0.25
4 C1 28 0 3 0
0

0101000
+236 0 -201 0 *
Wi

0101100
-235 0 +299 0 +200 0 -199 0 *
Fa
0  1e-07 3 0

0101000
+198 0 *
Ve
1.01e-07
10.3232233047034 -0.0303300858899101 0.25
0 0

0101101
*
Ed
 1e-07 1 1 0
1  46 0 5.89048622548086 6.67588438887831
2  81 11 0 5.89048622548086 6.67588438887831
2  82 28 0 5.89048622548086 6.67588438887831
0

0101000
+201 0 -196 0 *
Ed
 1e-07 1 1 0
1  47 0 -0.25 0.25
2  83 28 0 -0.25 0.25
