
CASCADE Topology V1, (c) Matra-Datavision
Locations 1
1
              1               0               0               0 
              0               1               0               0 
              0               0               1               0 
Curve2ds 224
1 0 0 1 0 
1 0 0 1 0 
1 0 0 1 0 
1 0 0 1 0 
1 0 0 1 0 
1 0 0 1 0 
1 0 0 1 0 
1 0 0 1 0 
1 -0.5 0 0 1 
1 0.25 0 0 1 
1 0.5 0 0 1 
1 -0.25 0 0 1 
1 0 9.5857864376269042 1 0 
1 -0.38268343236508967 0.076120467488713053 0.3826834323650895 0.92387953251128696 
8 5.8904862254808616 6.6758843888783108
1 0 -0.25 1 0 
2 -2.2204460492503131e-16 0.99999999999999989 8.3266726846886721e-16 -1 1 8.3266726846886721e-16 1.5000000000000002
8 5.8904862254808616 6.6758843888783108
1 0 -0.25 1 0 
2 -2.2204460492503131e-16 0.99999999999999989 -1.3877787807814457e-15 -1 1 -1.3877787807814457e-15 0.4999999999999995
1 0.38268343236509011 0.07612046748871279 -0.38268343236509073 0.92387953251128629 
1 -3.8857805861880479e-16 0.41421356237309453 1 1.1102230246251565e-16 
1 -0.50000000000000056 4.9960036108132044e-16 0 1 
1 0.25 0 0 1 
1 0.50000000000000056 -4.9960036108132044e-16 0 1 
1 -0.25 0 0 1 
1 0 6.9087901516970973 1 0 
1 -0.16018224300696854 -0.012912542362496809 -0.16018224300696882 0.9870874576374965 
8 6.1223100299812652 6.4440605843779073
1 0 0.25 1 0 
2 -2.7755575615628914e-16 -0.99999999999999956 7.7715611723760958e-16 1 1 -7.7715611723760958e-16 0.50000000000000022
8 6.1223100299812652 6.4440605843779073
1 0 0.25 1 0 
2 -2.7755575615628914e-16 -0.99999999999999956 1.6653345369377348e-16 1 1 -1.6653345369377348e-16 1.4999999999999991
1 0.16018224300696826 -0.012912542362505483 0.16018224300696549 0.98708745763749706 
1 -2.55351295663786e-15 0.1622776601683813 1 -5.5511151231257827e-17 
1 -0.5 6.9388939039072284e-16 0 1 
1 0.25 0 0 1 
1 0.5 -6.9388939039072284e-16 0 1 
1 -0.25 0 0 1 
1 -4.4408920985006262e-16 8.1803398874989508 1 0 
1 -0.94868329805052076 -0.68377223398315579 -0.94868329805051366 0.31622776601683844 
8 5.0341395347813318 7.5322310795778407
1 0 0.25 1 0 
2 -3.3306690738754696e-16 -0.99999999999999933 1.6098233857064766e-15 1 1 -1.6098233857064766e-15 0.499999999999999
8 5.0341395347813318 7.5322310795778407
1 0 0.25 1 0 
2 -3.3306690738754696e-16 -0.99999999999999933 -1.1102230246251565e-16 1 1 1.1102230246251565e-16 1.4999999999999996
1 0.94868329805051355 -0.68377223398316134 0.94868329805051388 0.3162277660168375 
1 -3.1086244689504383e-15 2.9999999999999991 1 -1.1102230246251563e-16 
1 -0.49999999999999845 -4.9960036108132044e-16 0 1 
1 0.24999999999999997 0 -0 1 
1 0.49999999999999845 4.9960036108132044e-16 0 1 
1 -0.24999999999999997 -0 0 1 
1 8.8817841970012523e-16 11.180339887498951 1 0 
1 0.25 0 0 1 
1 -0.5 0 0 1 
8 -0.25 0.25
1 5.8904862254808616 0 0 1 
1 0 9.5857864376269042 1 0 
1 0 0.25 1 0 
2 -2.2204460492503131e-16 -0.99999999999999989 -1.3877787807814457e-15 1 1 1.3877787807814457e-15 0.4999999999999995
1 6.6758843888783108 0 0 1 
1 0 0.4142135623730947 1 0 
1 0.25 0 0 1 
1 -0.50000000000000056 -4.9960036108132044e-16 1.1657341758564142e-15 1 
8 -0.25 0.25
1 6.1223100299812652 0 -0 -1 
1 0 6.9087901516970973 1 0 
1 0 -0.25 1 0 
2 -2.7755575615628914e-16 0.99999999999999956 1.6653345369377348e-16 -1 1 1.6653345369377348e-16 1.4999999999999991
1 6.4440605843779073 0 0 1 
1 0 0.16227766016838049 -1 0 
1 0.25 0 0 1 
1 -0.5 -6.9388939039072284e-16 9.9920072216264069e-16 1 
8 -0.25 0.25
1 5.0341395347813318 0 -0 -1 
1 0 8.1803398874989508 1 0 
1 0 -0.25 1 0 
2 -3.3306690738754696e-16 0.99999999999999933 -1.1102230246251565e-16 -1 1 -1.1102230246251565e-16 1.4999999999999996
1 7.5322310795778407 0 0 1 
1 0 2.9999999999999987 -1 -0 
1 0.25 0 0 1 
1 -0.49999999999999845 4.9960036108132044e-16 -5.5511151231257817e-16 1 
1 0 11.180339887498949 1 0 
1 0.5 0 0 1 
1 -0.25 0 0 1 
1 0 9.5857864376269042 1 0 
1 -0.38268343236508967 -0.076120467488713053 -0.3826834323650895 0.92387953251128696 
8 5.8904862254808616 6.6758843888783108
1 0 0.25 1 0 
2 -2.2204460492503131e-16 -0.99999999999999989 8.3266726846886721e-16 1 1 -8.3266726846886721e-16 1.5000000000000002
1 0.38268343236509011 -0.07612046748871279 0.38268343236509073 0.92387953251128629 
1 3.8857805861880479e-16 0.41421356237309453 1 -1.1102230246251565e-16 
1 0.50000000000000056 4.9960036108132044e-16 0 1 
1 -0.25 0 0 1 
1 0 6.9087901516970973 1 0 
1 -0.16018224300696854 0.012912542362496809 0.16018224300696882 0.9870874576374965 
8 6.1223100299812652 6.4440605843779073
1 0 -0.25 1 0 
2 -2.7755575615628914e-16 0.99999999999999956 7.7715611723760958e-16 -1 1 7.7715611723760958e-16 0.50000000000000022
1 0.16018224300696826 0.012912542362505483 -0.16018224300696549 0.98708745763749706 
1 2.55351295663786e-15 0.1622776601683813 1 5.5511151231257827e-17 
1 0.5 6.9388939039072284e-16 0 1 
1 -0.25 0 0 1 
1 4.4408920985006262e-16 8.1803398874989508 1 0 
1 -0.94868329805052076 0.68377223398315579 0.94868329805051366 0.31622776601683844 
8 5.0341395347813318 7.5322310795778407
1 0 -0.25 1 0 
2 -3.3306690738754696e-16 0.99999999999999933 1.6098233857064766e-15 -1 1 1.6098233857064766e-15 0.499999999999999
1 0.94868329805051355 0.68377223398316134 -0.94868329805051388 0.3162277660168375 
1 3.1086244689504383e-15 2.9999999999999991 1 1.1102230246251563e-16 
1 0.49999999999999845 -4.9960036108132044e-16 0 1 
1 -0.24999999999999997 -0 -0 1 
1 -8.8817841970012523e-16 11.180339887498951 1 0 
8 -0.25 0.25
1 5.8904862254808616 0 -0 -1 
1 0 9.5857864376269042 1 0 
1 6.6758843888783108 0 0 1 
1 0 0.41421356237309476 -1 0 
8 -0.25 0.25
1 6.1223100299812652 0 0 1 
1 0 6.9087901516970973 1 0 
1 6.4440605843779073 0 0 1 
1 0 0.16227766016837852 1 0 
8 -0.25 0.25
1 5.0341395347813318 0 0 1 
1 0 8.1803398874989508 1 0 
1 7.5322310795778407 0 0 1 
1 -0 3 1 0 
1 -0 11.180339887498949 1 0 
1 -0.14999999999999999 0 0 1 
1 0.40000000000000002 0 0 1 
1 0.14999999999999999 0 0 1 
1 -0.40000000000000002 0 0 1 
8 -0.14999999999999999 0.14999999999999999
1 5.8904862254808616 0 0 1 
1 0 9.5857864376269042 1 0 
1 0 -0.14999999999999999 1 0 
2 -2.2204460492503131e-16 -0.99999999999999989 2.7755575615628909e-16 1 1 -2.7755575615628909e-16 1.3999999999999995
1 0 0.14999999999999999 1 0 
2 -2.2204460492503131e-16 0.99999999999999989 2.7755575615628909e-16 -1 1 2.7755575615628909e-16 1.3999999999999995
1 6.6758843888783108 0 0 1 
1 0 0.4142135623730947 1 0 
1 -0.14999999999999999 0 0 1 
1 0.39999999999999947 -6.106226635438361e-16 1.1657341758564142e-15 1 
1 0.14999999999999999 0 0 1 
1 -0.39999999999999947 -6.106226635438361e-16 -1.1657341758564142e-15 1 
8 -0.14999999999999999 0.14999999999999999
1 6.1223100299812652 0 -0 -1 
1 0 6.9087901516970991 1 0 
1 0 0.14999999999999999 1 0 
2 -2.7755575615628914e-16 0.99999999999999956 2.55351295663786e-15 -1 1 2.55351295663786e-15 0.5999999999999992
1 0 -0.14999999999999999 1 0 
2 -2.7755575615628914e-16 -0.99999999999999956 2.55351295663786e-15 1 1 -2.55351295663786e-15 0.5999999999999992
1 6.4440605843779073 0 0 1 
1 0 0.16227766016838049 -1 0 
1 -0.14999999999999999 0 0 1 
1 0.40000000000000036 3.8857805861880479e-16 9.9920072216264069e-16 1 
1 0.14999999999999999 0 0 1 
1 -0.40000000000000036 3.8857805861880479e-16 -9.9920072216264069e-16 1 
8 -0.14999999999999999 0.14999999999999999
1 5.0341395347813318 0 -0 -1 
1 0 8.1803398874989508 1 0 
1 0 0.14999999999999999 1 0 
2 -3.3306690738754696e-16 0.99999999999999933 -5.5511151231257827e-16 -1 1 -5.5511151231257827e-16 0.60000000000000009
1 0 -0.14999999999999999 1 0 
2 -3.3306690738754696e-16 -0.99999999999999933 -5.5511151231257827e-16 1 1 5.5511151231257827e-16 0.60000000000000009
1 7.5322310795778407 0 0 1 
1 0 2.9999999999999987 -1 -0 
1 -0.14999999999999999 -0 0 1 
1 0.40000000000000113 1.1657341758564144e-15 -5.5511151231257817e-16 1 
1 0.14999999999999999 0 0 1 
1 -0.40000000000000113 1.1657341758564144e-15 5.5511151231257817e-16 1 
1 0 11.180339887498949 1 0 
1 0.40000000000000002 0 0 1 
1 -0.14999999999999999 0 0 1 
1 0 9.5857864376269042 1 0 
1 -0.38268343236508967 0.076120467488713053 0.3826834323650895 0.92387953251128696 
8 5.8904862254808616 6.6758843888783108
1 0 0.14999999999999999 1 0 
2 -2.2204460492503131e-16 0.99999999999999989 2.2204460492503126e-16 -1 1 2.2204460492503126e-16 0.59999999999999987
1 0.38268343236509011 0.07612046748871279 -0.38268343236509073 0.92387953251128629 
1 -3.8857805861880479e-16 0.41421356237309453 1 1.1102230246251565e-16 
1 0.39999999999999947 6.106226635438361e-16 0 1 
1 -0.14999999999999999 0 0 1 
1 0 6.9087901516970973 1 0 
1 -0.16018224300696854 -0.012912542362496809 -0.16018224300696882 0.9870874576374965 
8 6.1223100299812652 6.4440605843779073
1 0 -0.14999999999999999 1 0 
2 -2.7755575615628914e-16 -0.99999999999999956 -6.6613381477509392e-16 1 1 6.6613381477509392e-16 1.3999999999999999
1 0.16018224300696826 -0.012912542362505483 0.16018224300696549 0.98708745763749706 
1 -2.55351295663786e-15 0.1622776601683813 1 -5.5511151231257827e-17 
1 0.40000000000000036 -3.8857805861880479e-16 0 1 
1 -0.14999999999999999 0 0 1 
1 -4.4408920985006262e-16 8.1803398874989508 1 0 
1 -0.94868329805052076 -0.68377223398315579 -0.94868329805051366 0.31622776601683844 
8 5.0341395347813318 7.5322310795778407
1 0 -0.14999999999999999 1 0 
2 -3.3306690738754696e-16 -0.99999999999999933 5.5511151231257817e-16 1 1 -5.5511151231257817e-16 1.3999999999999986
1 0.94868329805051355 -0.68377223398316134 0.94868329805051388 0.3162277660168375 
1 -3.1086244689504383e-15 2.9999999999999991 1 -1.1102230246251563e-16 
1 0.40000000000000113 -1.1657341758564144e-15 0 1 
1 -0.14999999999999997 -0 -0 1 
1 8.8817841970012523e-16 11.180339887498951 1 0 
1 0.14999999999999999 0 0 1 
1 -0.40000000000000002 0 0 1 
8 -0.14999999999999999 0.14999999999999999
1 5.8904862254808616 0 -0 -1 
1 0 9.5857864376269042 1 0 
1 0 -0.14999999999999999 1 0 
2 -2.2204460492503131e-16 -0.99999999999999989 2.2204460492503126e-16 1 1 -2.2204460492503126e-16 0.59999999999999987
1 6.6758843888783108 0 0 1 
1 0 0.41421356237309409 -1 0 
1 0.14999999999999999 0 0 1 
1 -0.39999999999999947 6.106226635438361e-16 1.1657341758564142e-15 1 
8 -0.14999999999999999 0.14999999999999999
1 6.1223100299812652 0 0 1 
1 0 6.9087901516970991 1 0 
1 0 0.14999999999999999 1 0 
2 -2.7755575615628914e-16 0.99999999999999956 -6.6613381477509392e-16 -1 1 -6.6613381477509392e-16 1.3999999999999999
1 6.4440605843779073 0 0 1 
1 0 0.16227766016838049 1 0 
1 0.14999999999999999 0 0 1 
1 -0.40000000000000036 -3.8857805861880479e-16 9.9920072216264069e-16 1 
8 -0.14999999999999999 0.14999999999999999
1 5.0341395347813318 0 0 1 
1 0 8.1803398874989508 1 0 
1 0 0.14999999999999999 1 0 
2 -3.3306690738754696e-16 0.99999999999999933 5.5511151231257817e-16 -1 1 5.5511151231257817e-16 1.3999999999999986
1 7.5322310795778407 0 0 1 
1 -0 3 1 0 
1 0.14999999999999999 0 0 1 
1 -0.40000000000000113 -1.1657341758564144e-15 -5.5511151231257817e-16 1 
1 -0 11.180339887498949 1 0 
1 0 9.5857864376269042 1 0 
1 -0.38268343236508967 -0.076120467488713053 -0.3826834323650895 0.92387953251128696 
1 0.38268343236509011 -0.07612046748871279 0.38268343236509073 0.92387953251128629 
1 3.8857805861880479e-16 0.41421356237309453 1 -1.1102230246251565e-16 
1 0 6.9087901516970973 1 0 
1 -0.16018224300696854 0.012912542362496809 0.16018224300696882 0.9870874576374965 
1 0.16018224300696826 0.012912542362505483 -0.16018224300696549 0.98708745763749706 
1 2.55351295663786e-15 0.1622776601683813 1 5.5511151231257827e-17 
1 4.4408920985006262e-16 8.1803398874989508 1 0 
1 -0.94868329805052076 0.68377223398315579 0.94868329805051366 0.31622776601683844 
1 0.94868329805051355 0.68377223398316134 -0.94868329805051388 0.3162277660168375 
1 3.1086244689504383e-15 2.9999999999999991 1 1.1102230246251563e-16 
1 -8.8817841970012523e-16 11.180339887498951 1 0 
Curves 120
1 0 0 -0.25 0 1 0 
1 0 0 0.25 0 -1 0 
1 0 0.5 0 0 0 1 
1 0 -0.5 0 0 0 -1 
1 0 -0.40000000000000002 0 0 -0 1 
1 0 0.40000000000000002 0 0 0 -1 
1 0 0 0.14999999999999999 0 1 0 
1 0 0 -0.14999999999999999 0 -1 0 
1 0 -0.5 -0.25 1 -0 0 
1 0 0.5 -0.25 1 -0 0 
1 9.5857864376269042 0 -0.25 0 1 0 
2 9.5857864376269042 0.99999999999999989 -0.25 -0 0 1 0.38268343236509028 -0.92387953251128663 0 0.92387953251128663 0.38268343236509028 0 1.5
2 9.5857864376269042 0.99999999999999989 -0.25 -0 0 1 0.38268343236508823 -0.9238795325112874 0 0.9238795325112874 0.38268343236508823 0 0.4999999999999995
1 10.292893218813452 0.29289321881345209 -0.25 -0.70710678118654813 0.70710678118654702 0 
1 10.353553390593275 -0.35355339059327345 -0.25 0.70710678118654691 0.70710678118654824 0 
1 9.6464466094067252 0.35355339059327345 -0.25 0.70710678118654691 0.70710678118654824 0 
1 14.885252366059849 4.8852523660598575 -0.25 -0.70710678118654824 0.70710678118654691 0 
2 15.5923591472464 4.1781455848733051 -0.25 0 0 -1 -0.58471028466376374 0.81124218517556168 0 0.81124218517556168 0.58471028466376374 0 0.50000000000000022
2 15.5923591472464 4.1781455848733051 -0.25 0 0 -1 -0.58471028466376429 0.81124218517556135 0 0.81124218517556135 0.58471028466376429 0 1.4999999999999991
1 15.145145551746445 5.07257277587322 -0.25 -0.44721359549995893 0.89442719099991541 0 
1 15.22360679774998 4.5527864045000426 -0.25 0.89442719099991541 0.44721359549995887 0 
1 14.77639320225002 5.4472135954999574 -0.25 0.89442719099991541 0.44721359549995887 0 
1 22.31671842700025 8.6583592135001339 -0.25 -0.44721359549995887 0.89442719099991541 0 
2 22.76393202250021 7.7639320225002102 -0.24999999999999997 0 0 -1 0.70710678118654757 0.70710678118654757 0 0.70710678118654757 -0.70710678118654757 0 0.499999999999999
2 22.76393202250021 7.7639320225002102 -0.24999999999999997 0 0 -1 0.70710678118654635 0.70710678118654868 0 0.70710678118654868 -0.70710678118654635 0 1.4999999999999996
1 23.658359213500127 7.3167184270002537 -0.24999999999999997 0.89442719099991652 -0.44721359549995698 0 
1 24.552786404500043 10.223606797749978 -0.24999999999999997 -0.44721359549995704 -0.89442719099991641 0 
1 25.447213595499957 9.7763932022500217 -0.24999999999999997 -0.44721359549995704 -0.89442719099991641 0 
1 20.000000000000011 -7.1054273576010019e-15 -0.24999999999999997 0.89442719099991641 -0.44721359549995704 0 
1 0 0.5 0.25 1 -0 0 
1 9.5857864376269042 0.5 0 0 0 1 
2 9.5857864376269042 0.99999999999999989 0.25 -0 0 1 0.38268343236508823 -0.9238795325112874 0 0.9238795325112874 0.38268343236508823 0 0.4999999999999995
1 9.9393398282201773 0.64644660940672594 0 -0 0 1 
1 9.6464466094067252 0.35355339059327345 0.25 0.70710678118654779 0.70710678118654746 -0 
1 14.531698975466579 5.2388057566531252 0 0 0 1 
2 15.5923591472464 4.1781455848733051 0.25 0 0 -1 -0.58471028466376429 0.81124218517556135 0 0.81124218517556135 0.58471028466376429 0 1.4999999999999991
1 14.921538753996463 5.5197863713731783 0 0 0 -1 
1 14.77639320225002 5.4472135954999574 0.25 0.89442719099991597 0.44721359549995798 -0 
1 22.093111629250274 9.1055728090000851 0 0 0 1 
2 22.76393202250021 7.7639320225002102 0.25 0 0 -1 0.70710678118654635 0.70710678118654868 0 0.70710678118654868 -0.70710678118654635 0 1.4999999999999996
1 24.105572809000083 7.0931116292502763 0 0 0 -1 
1 25.447213595499957 9.7763932022500217 0.25 -0.44721359549995654 -0.89442719099991663 0 
1 20.447213595499971 -0.22360679774998715 0 0 0 1 
1 0 -0.5 0.25 1 0 0 
1 9.5857864376269042 0 0.25 0 -1 0 
2 9.5857864376269042 0.99999999999999989 0.25 -0 0 1 0.38268343236509028 -0.92387953251128663 0 0.92387953251128663 0.38268343236509028 0 1.5
1 10.292893218813452 0.29289321881345209 0.25 0.70710678118654813 -0.70710678118654702 0 
1 10.353553390593275 -0.35355339059327345 0.25 0.70710678118654691 0.70710678118654824 0 
1 14.885252366059849 4.8852523660598575 0.25 0.70710678118654824 -0.70710678118654691 0 
2 15.5923591472464 4.1781455848733051 0.25 0 0 -1 -0.58471028466376374 0.81124218517556168 0 0.81124218517556168 0.58471028466376374 0 0.50000000000000022
1 15.145145551746445 5.07257277587322 0.25 0.44721359549995893 -0.89442719099991541 0 
1 15.22360679774998 4.5527864045000426 0.25 0.89442719099991541 0.44721359549995887 0 
1 22.31671842700025 8.6583592135001339 0.25 0.44721359549995887 -0.89442719099991541 0 
2 22.76393202250021 7.7639320225002102 0.24999999999999997 0 0 -1 0.70710678118654757 0.70710678118654757 0 0.70710678118654757 -0.70710678118654757 0 0.499999999999999
1 23.658359213500127 7.3167184270002537 0.24999999999999997 -0.89442719099991652 0.44721359549995698 0 
1 24.552786404500043 10.223606797749978 0.24999999999999997 -0.44721359549995704 -0.89442719099991641 0 
1 20.000000000000011 -7.1054273576010019e-15 0.24999999999999997 -0.89442719099991641 0.44721359549995704 0 
1 9.5857864376269042 -0.5 0 0 0 -1 
1 10.646446609406727 -0.060660171779820637 0 -0 0 1 
1 15.238805756653129 4.5316989754665791 0 -0 0 -1 
1 15.368752349496422 4.6253591803732634 0 0 0 -1 
1 22.540325224750234 8.2111456180001703 0 -0 0 -1 
1 23.211145618000167 7.5403252247502319 0 0 0 -1 
1 19.552786404500058 0.22360679774996939 0 0 0 -1 
1 0 -0.40000000000000002 -0.14999999999999999 1 0 -0 
1 0 -0.40000000000000002 0.14999999999999999 1 0 -0 
1 9.5857864376269042 -0.40000000000000002 0 0 -0 1 
2 9.5857864376269042 0.99999999999999989 -0.14999999999999999 -0 0 1 0.38268343236508978 -0.92387953251128685 0 0.92387953251128685 0.38268343236508978 0 1.3999999999999995
2 9.5857864376269042 0.99999999999999989 0.14999999999999999 -0 0 1 0.38268343236508978 -0.92387953251128685 0 0.92387953251128685 0.38268343236508978 0 1.3999999999999995
1 10.575735931288071 0.010050506338833753 0 -0 0 1 
1 10.282842712474618 -0.28284271247461878 -0.14999999999999999 0.70710678118654779 0.70710678118654746 -0 
1 10.282842712474618 -0.28284271247461878 0.14999999999999999 0.70710678118654779 0.70710678118654746 -0 
1 15.168095078534474 4.6024096535852337 0 0 0 1 
2 15.5923591472464 4.1781455848733051 -0.14999999999999999 0 0 -1 -0.5847102846637624 0.81124218517556279 0 0.81124218517556279 0.5847102846637624 0 0.5999999999999992
2 15.5923591472464 4.1781455848733051 0.14999999999999999 0 0 -1 -0.5847102846637624 0.81124218517556279 0 0.81124218517556279 0.5847102846637624 0 0.5999999999999992
1 15.324030989946428 4.7148018994732546 0 0 0 -1 
1 15.178885438199984 4.6422291236000337 -0.14999999999999999 0.89442719099991597 0.44721359549995798 -0 
1 15.178885438199984 4.6422291236000337 0.14999999999999999 0.89442719099991597 0.44721359549995798 -0 
1 22.495603865200238 8.3005883371001623 0 0 0 1 
2 22.76393202250021 7.7639320225002102 -0.14999999999999999 0 0 -1 0.70710678118654602 0.70710678118654902 0 0.70710678118654902 -0.70710678118654602 0 0.60000000000000009
2 22.76393202250021 7.7639320225002102 0.14999999999999999 0 0 -1 0.70710678118654602 0.70710678118654902 0 0.70710678118654902 -0.70710678118654602 0 0.60000000000000009
1 23.300588337100159 7.4956038652002368 0 0 0 -1 
1 24.642229123600032 10.178885438199982 -0.14999999999999999 -0.44721359549995654 -0.89442719099991663 0 
1 24.642229123600032 10.178885438199982 0.14999999999999999 -0.44721359549995654 -0.89442719099991663 0 
1 19.642229123600046 0.17888543819997338 0 0 0 1 
1 0 0.40000000000000002 0.14999999999999999 1 -0 0 
1 9.5857864376269042 0 0.14999999999999999 0 1 0 
2 9.5857864376269042 0.99999999999999989 0.14999999999999999 -0 0 1 0.38268343236508973 -0.92387953251128685 0 0.92387953251128685 0.38268343236508973 0 0.59999999999999987
1 10.292893218813452 0.29289321881345209 0.14999999999999999 -0.70710678118654813 0.70710678118654702 0 
1 9.7171572875253815 0.28284271247461878 0.14999999999999999 0.70710678118654691 0.70710678118654824 0 
1 14.885252366059849 4.8852523660598575 0.14999999999999999 -0.70710678118654824 0.70710678118654691 0 
2 15.5923591472464 4.1781455848733051 0.14999999999999999 0 0 -1 -0.58471028466376496 0.8112421851755609 0 0.8112421851755609 0.58471028466376496 0 1.3999999999999999
1 15.145145551746445 5.07257277587322 0.14999999999999999 -0.44721359549995893 0.89442719099991541 0 
1 14.821114561800016 5.3577708763999663 0.14999999999999999 0.89442719099991541 0.44721359549995887 0 
1 22.31671842700025 8.6583592135001339 0.14999999999999999 -0.44721359549995887 0.89442719099991541 0 
2 22.76393202250021 7.7639320225002102 0.14999999999999997 0 0 -1 0.70710678118654691 0.70710678118654824 0 0.70710678118654824 -0.70710678118654691 0 1.3999999999999986
1 23.658359213500127 7.3167184270002537 0.14999999999999997 0.89442719099991652 -0.44721359549995698 0 
1 25.357770876399968 9.8211145618000177 0.14999999999999997 -0.44721359549995704 -0.89442719099991641 0 
1 20.000000000000011 -7.1054273576010019e-15 0.14999999999999997 0.89442719099991641 -0.44721359549995704 -0 
1 0 0.40000000000000002 -0.14999999999999999 1 0 0 
1 9.5857864376269042 0.40000000000000002 0 0 0 -1 
2 9.5857864376269042 0.99999999999999989 -0.14999999999999999 -0 0 1 0.38268343236508973 -0.92387953251128685 0 0.92387953251128685 0.38268343236508973 0 0.59999999999999987
1 10.010050506338832 0.57573593128807143 0 -0 0 1 
1 9.7171572875253815 0.28284271247461878 -0.14999999999999999 0.70710678118654779 0.70710678118654746 0 
1 14.602409653585237 5.1680950785344706 0 0 0 -1 
2 15.5923591472464 4.1781455848733051 -0.14999999999999999 0 0 -1 -0.58471028466376496 0.8112421851755609 0 0.8112421851755609 0.58471028466376496 0 1.3999999999999999
1 14.966260113546459 5.4303436522731872 0 0 0 -1 
1 14.821114561800016 5.3577708763999663 -0.14999999999999999 0.89442719099991597 0.44721359549995798 0 
1 22.13783298880027 9.0161300899000949 0 0 0 -1 
2 22.76393202250021 7.7639320225002102 -0.14999999999999999 0 0 -1 0.70710678118654691 0.70710678118654824 0 0.70710678118654824 -0.70710678118654691 0 1.3999999999999986
1 24.016130089900091 7.1378329888002714 0 0 0 -1 
1 25.357770876399968 9.8211145618000177 -0.14999999999999999 -0.44721359549995654 -0.89442719099991663 -0 
1 20.357770876399982 -0.17888543819999114 0 0 0 -1 
1 9.5857864376269042 0 -0.14999999999999999 0 -1 0 
1 10.292893218813452 0.29289321881345209 -0.14999999999999999 0.70710678118654813 -0.70710678118654702 0 
1 14.885252366059849 4.8852523660598575 -0.14999999999999999 0.70710678118654824 -0.70710678118654691 0 
1 15.145145551746445 5.07257277587322 -0.14999999999999999 0.44721359549995893 -0.89442719099991541 0 
1 22.31671842700025 8.6583592135001339 -0.14999999999999999 0.44721359549995887 -0.89442719099991541 0 
1 23.658359213500127 7.3167184270002537 -0.14999999999999997 -0.89442719099991652 0.44721359549995698 0 
1 20.000000000000011 -7.1054273576010019e-15 -0.14999999999999997 -0.89442719099991641 0.44721359549995704 0 
Polygon3D 0
PolygonOnTriangulations 0
Surfaces 58
1 0 0 0 1 0 0 0 0 1 0 -1 0 
1 0 0 -0.25 0 0 -1 0 1 0 1 -0 0 
1 0 0 0.25 -0 0 1 0 -1 0 1 0 0 
1 0 0.5 0 0 1 -0 0 0 1 1 -0 0 
1 0 -0.5 0 0 -1 0 0 0 -1 1 0 0 
1 0 -0.40000000000000002 0 0 1 0 0 -0 1 1 0 -0 
1 0 0.40000000000000002 0 0 -1 0 0 0 -1 1 0 0 
1 0 0 0.14999999999999999 0 -0 -1 0 1 0 1 -0 0 
1 0 0 -0.14999999999999999 -0 0 1 0 -1 0 1 0 0 
1 9.9684698699919938 0.076120467488713262 -0.25 -0 0 1 0.92387953251128696 0.3826834323650895 0 -0.3826834323650895 0.92387953251128696 -0 
10 5.8904862254808616 6.6758843888783108 -0.25 0.25
2 9.5857864376269042 0.99999999999999989 0 -0 0 1 0.38268343236509028 -0.92387953251128663 0 0.92387953251128663 0.38268343236509028 0 1.5
10 5.8904862254808616 6.6758843888783108 -0.25 0.25
2 9.5857864376269042 0.99999999999999989 0 -0 0 1 0.38268343236508823 -0.9238795325112874 0 0.9238795325112874 0.38268343236508823 0 0.4999999999999995
1 10 0 -0.25 0 0 -1 -0.70710678118654824 0.70710678118654691 0 0.70710678118654691 0.70710678118654824 0 
1 10.353553390593275 -0.35355339059327345 0 0.70710678118654746 -0.70710678118654779 -0 -0 0 -1 0.70710678118654779 0.70710678118654746 0 
1 9.6464466094067252 0.35355339059327345 0 -0.70710678118654746 0.70710678118654779 0 0 0 1 0.70710678118654779 0.70710678118654746 -0 
1 15.007648862582636 4.9893877700488662 -0.25 -0 -0 1 0.81124218517556124 0.5847102846637644 0 -0.5847102846637644 0.81124218517556124 0 
10 6.1223100299812652 6.4440605843779073 -0.25 0.25
2 15.5923591472464 4.1781455848733051 0 0 0 -1 -0.58471028466376374 0.81124218517556168 0 0.81124218517556168 0.58471028466376374 0 0.50000000000000022
10 6.1223100299812652 6.4440605843779073 -0.25 0.25
2 15.5923591472464 4.1781455848733051 0 0 0 -1 -0.58471028466376429 0.81124218517556135 0 0.81124218517556135 0.58471028466376429 0 1.4999999999999991
1 15 5 -0.25 0 0 -1 -0.44721359549995887 0.89442719099991541 0 0.89442719099991541 0.44721359549995887 0 
1 15.22360679774998 4.5527864045000426 0 0.44721359549995798 -0.89442719099991597 -0 -0 0 -1 0.89442719099991597 0.44721359549995798 0 
1 14.77639320225002 5.4472135954999574 0 -0.44721359549995798 0.89442719099991597 0 0 0 1 0.89442719099991597 0.44721359549995798 -0 
1 23.471038803686756 8.4710388036867581 -0.24999999999999997 -0 -0 1 0.70710678118654868 -0.70710678118654646 0 0.70710678118654646 0.70710678118654868 0 
10 5.0341395347813318 7.5322310795778407 -0.25 0.25
2 22.76393202250021 7.7639320225002102 0 0 0 -1 0.70710678118654757 0.70710678118654757 0 0.70710678118654757 -0.70710678118654757 0 0.499999999999999
10 5.0341395347813318 7.5322310795778407 -0.25 0.25
2 22.76393202250021 7.7639320225002102 0 0 0 -1 0.70710678118654635 0.70710678118654868 0 0.70710678118654868 -0.70710678118654635 0 1.4999999999999996
1 25 10 -0.24999999999999997 0 -0 -1 0.89442719099991641 -0.44721359549995704 0 -0.44721359549995704 -0.89442719099991641 0 
1 24.552786404500043 10.223606797749978 0 -0.89442719099991663 0.44721359549995654 0 0 0 -1 -0.44721359549995654 -0.89442719099991663 -0 
1 25.447213595499957 9.7763932022500217 0 0.89442719099991663 -0.44721359549995654 0 0 0 1 -0.44721359549995654 -0.89442719099991663 0 
1 9.9684698699919938 0.076120467488713262 0.25 0 -0 -1 0.92387953251128696 0.3826834323650895 0 0.3826834323650895 -0.92387953251128696 0 
1 10 0 0.25 -0 0 1 0.70710678118654824 -0.70710678118654691 0 0.70710678118654691 0.70710678118654824 0 
1 15.007648862582636 4.9893877700488662 0.25 0 0 -1 0.81124218517556124 0.5847102846637644 0 0.5847102846637644 -0.81124218517556124 0 
1 15 5 0.25 -0 0 1 0.44721359549995887 -0.89442719099991541 0 0.89442719099991541 0.44721359549995887 0 
1 23.471038803686756 8.4710388036867581 0.24999999999999997 0 0 -1 0.70710678118654868 -0.70710678118654646 0 -0.70710678118654646 -0.70710678118654868 -0 
1 25 10 0.24999999999999997 0 0 1 -0.89442719099991641 0.44721359549995704 0 -0.44721359549995704 -0.89442719099991641 0 
10 5.8904862254808616 6.6758843888783108 -0.14999999999999999 0.14999999999999999
2 9.5857864376269042 0.99999999999999989 0 -0 0 1 0.38268343236508978 -0.92387953251128685 0 0.92387953251128685 0.38268343236508978 0 1.3999999999999995
1 9.9684698699919938 0.076120467488713262 -0.14999999999999999 0 -0 -1 0.92387953251128696 0.3826834323650895 0 0.3826834323650895 -0.92387953251128696 0 
1 9.9684698699919938 0.076120467488713262 0.14999999999999999 -0 0 1 0.92387953251128696 0.3826834323650895 0 -0.3826834323650895 0.92387953251128696 -0 
1 10.282842712474618 -0.28284271247461878 0 -0.70710678118654746 0.70710678118654779 0 0 0 1 0.70710678118654779 0.70710678118654746 -0 
1 10 0 -0.14999999999999999 -0 0 1 0.70710678118654824 -0.70710678118654691 0 0.70710678118654691 0.70710678118654824 0 
1 10 0 0.14999999999999999 0 0 -1 -0.70710678118654824 0.70710678118654691 0 0.70710678118654691 0.70710678118654824 0 
10 6.1223100299812652 6.4440605843779073 -0.14999999999999999 0.14999999999999999
2 15.5923591472464 4.1781455848733051 0 0 0 -1 -0.5847102846637624 0.81124218517556279 0 0.81124218517556279 0.5847102846637624 0 0.5999999999999992
1 15.007648862582636 4.9893877700488662 -0.14999999999999999 0 0 -1 0.81124218517556124 0.5847102846637644 0 0.5847102846637644 -0.81124218517556124 0 
1 15.007648862582636 4.9893877700488662 0.14999999999999999 -0 -0 1 0.81124218517556124 0.5847102846637644 0 -0.5847102846637644 0.81124218517556124 0 
1 15.178885438199984 4.6422291236000337 0 -0.44721359549995798 0.89442719099991597 0 0 0 1 0.89442719099991597 0.44721359549995798 -0 
1 15 5 -0.14999999999999999 -0 0 1 0.44721359549995887 -0.89442719099991541 0 0.89442719099991541 0.44721359549995887 0 
1 15 5 0.14999999999999999 0 0 -1 -0.44721359549995887 0.89442719099991541 0 0.89442719099991541 0.44721359549995887 0 
10 5.0341395347813318 7.5322310795778407 -0.14999999999999999 0.14999999999999999
2 22.76393202250021 7.7639320225002102 0 0 0 -1 0.70710678118654602 0.70710678118654902 0 0.70710678118654902 -0.70710678118654602 0 0.60000000000000009
1 23.471038803686756 8.4710388036867581 -0.14999999999999997 0 0 -1 0.70710678118654868 -0.70710678118654646 0 -0.70710678118654646 -0.70710678118654868 -0 
1 23.471038803686756 8.4710388036867581 0.14999999999999997 -0 -0 1 0.70710678118654868 -0.70710678118654646 0 0.70710678118654646 0.70710678118654868 0 
1 24.642229123600032 10.178885438199982 0 0.89442719099991663 -0.44721359549995654 0 0 0 1 -0.44721359549995654 -0.89442719099991663 0 
1 25 10 -0.14999999999999997 0 0 1 -0.89442719099991641 0.44721359549995704 0 -0.44721359549995704 -0.89442719099991641 0 
1 25 10 0.14999999999999997 -0 0 -1 0.89442719099991641 -0.44721359549995704 -0 -0.44721359549995704 -0.89442719099991641 0 
10 5.8904862254808616 6.6758843888783108 -0.14999999999999999 0.14999999999999999
2 9.5857864376269042 0.99999999999999989 0 -0 0 1 0.38268343236508973 -0.92387953251128685 0 0.92387953251128685 0.38268343236508973 0 0.59999999999999987
1 9.7171572875253815 0.28284271247461878 0 0.70710678118654746 -0.70710678118654779 0 0 0 -1 0.70710678118654779 0.70710678118654746 0 
10 6.1223100299812652 6.4440605843779073 -0.14999999999999999 0.14999999999999999
2 15.5923591472464 4.1781455848733051 0 0 0 -1 -0.58471028466376496 0.8112421851755609 0 0.8112421851755609 0.58471028466376496 0 1.3999999999999999
1 14.821114561800016 5.3577708763999663 0 0.44721359549995798 -0.89442719099991597 0 0 0 -1 0.89442719099991597 0.44721359549995798 0 
10 5.0341395347813318 7.5322310795778407 -0.14999999999999999 0.14999999999999999
2 22.76393202250021 7.7639320225002102 0 0 0 -1 0.70710678118654691 0.70710678118654824 0 0.70710678118654824 -0.70710678118654691 0 1.3999999999999986
1 25.357770876399968 9.8211145618000177 0 -0.89442719099991663 0.44721359549995654 0 0 0 -1 -0.44721359549995654 -0.89442719099991663 -0 
1 20 -1.7763568394002505e-15 0 -0.44721359549995704 -0.89442719099991641 0 0 0 1 -0.89442719099991641 0.44721359549995704 0 
Triangulations 0

TShapes 304
Ve
1.01e-07
0 -0.5 -0.25
0 0

0101101
*
Ve
1.01e-07
0 0.5 -0.25
0 0

0101101
*
Ed
 1e-07 1 1 0
1  1 0 -0.5 0.5
2  1 2 0 -0.5 0.5
0

0101000
+304 0 -303 0 *
Ve
1.01e-07
0 0.5 0.25
0 0

0101101
*
Ve
1.01e-07
0 -0.5 0.25
0 0

0101101
*
Ed
 1e-07 1 1 0
1  2 0 -0.5 0.5
2  2 3 0 -0.5 0.5
0

0101000
+301 0 -300 0 *
Ed
 1e-07 1 1 0
1  3 0 -0.25 0.25
2  3 4 0 -0.25 0.25
0

0101000
-301 0 +303 0 *
Ed
 1e-07 1 1 0
1  4 0 -0.25 0.25
2  4 5 0 -0.25 0.25
0

0101000
-304 0 +300 0 *
Wi

0101100
+302 0 +299 0 +298 0 +297 0 *
Ve
1.01e-07
0 -0.4 -0.15
0 0

0101101
*
Ve
1.01e-07
0 -0.4 0.15
0 0

0101101
*
Ed
 1.00005e-07 1 1 0
1  5 0 -0.15 0.15
2  5 6 0 -0.15 0.15
0

0101000
+295 0 -294 0 *
Ve
1.01e-07
0 0.4 0.15
0 0

0101101
*
Ve
1.01e-07
0 0.4 -0.15
0 0

0101101
*
Ed
 1.00005e-07 1 1 0
1  6 0 -0.15 0.15
2  6 7 0 -0.15 0.15
0

0101000
+292 0 -291 0 *
Ed
 1.00005e-07 1 1 0
1  7 0 -0.4 0.4
2  7 8 0 -0.4 0.4
0

0101000
-292 0 +294 0 *
Ed
 1.00005e-07 1 1 0
1  8 0 -0.4 0.4
2  8 9 0 -0.4 0.4
0

0101000
-295 0 +291 0 *
Wi

0101100
+293 0 +290 0 +289 0 +288 0 *
Fa
0  1e-07 1 0

0101000
+296 0 +287 0 *
Ve
1.01e-07
9.5857864376269 -0.5 -0.25
0 0

0101101
*
Ed
 1e-07 1 1 0
1  9 0 0 9.5857864376269
2  9 2 0 0 9.5857864376269
2  10 5 0 0 9.5857864376269
0

0101000
+304 0 -285 0 *
Ve
1.01e-07
9.5857864376269 0.5 -0.25
0 0

0101101
*
Ed
 1e-07 1 1 0
1  10 0 0 9.5857864376269
2  11 2 0 0 9.5857864376269
2  12 4 0 0 9.5857864376269
0

0101000
+303 0 -283 0 *
Ed
 1e-07 1 1 0
1  11 0 -0.5 0.5
2  13 2 0 -0.5 0.5
2  14 10 0 -0.5 0.5
4 C1 10 0 2 0
0

0101000
+285 0 -283 0 *
Wi

0101100
-284 0 +302 0 +282 0 -281 0 *
Fa
0  1e-07 2 0

0101000
+280 0 *
Ve
1.01e-07
10.6464466094067 -0.0606601717798207 -0.25
0 0

0101101
*
Ed
 1e-07 1 1 0
1  12 0 5.89048622548086 6.67588438887831
2  15 11 0 5.89048622548086 6.67588438887831
2  16 10 0 5.89048622548086 6.67588438887831
0

0101000
+285 0 -278 0 *
Ve
1.01e-07
9.93933982822018 0.646446609406726 -0.25
0 0

0101101
*
Ed
 1e-07 1 1 0
1  13 0 5.89048622548086 6.67588438887831
2  17 12 0 5.89048622548086 6.67588438887831
2  18 10 0 5.89048622548086 6.67588438887831
0

0101000
+283 0 -276 0 *
Ed
 1e-07 1 1 0
1  14 0 -0.5 0.5
2  19 10 0 -0.5 0.5
2  20 13 0 -0.5 0.5
4 C1 13 0 10 0
0

0101000
+278 0 -276 0 *
Wi

0101100
+277 0 -281 0 -275 0 +274 0 *
Fa
0  1e-07 10 0

0101000
+273 0 *
Ve
1.01e-07
15.2388057566531 4.53169897546658 -0.25
0 0

0101101
*
Ed
 1e-07 1 1 0
1  15 0 0.414213562373095 6.9087901516971
2  21 13 0 0.414213562373095 6.9087901516971
2  22 14 0 0.414213562373095 6.9087901516971
0

0101000
+278 0 -271 0 *
Ve
1.01e-07
14.5316989754666 5.23880575665313 -0.25
0 0

0101101
*
Ed
 1e-07 1 1 0
1  16 0 0.414213562373095 6.9087901516971
2  23 13 0 0.414213562373095 6.9087901516971
2  24 15 0 0.414213562373095 6.9087901516971
0

0101000
+276 0 -269 0 *
Ed
 1e-07 1 1 0
1  17 0 -0.5 0.5
2  25 13 0 -0.5 0.5
2  26 16 0 -0.5 0.5
4 C1 16 0 13 0
0

0101000
+271 0 -269 0 *
Wi

0101100
-270 0 +274 0 +268 0 -267 0 *
Fa
0  1e-07 13 0

0101000
+266 0 *
Ve
1.01e-07
15.3687523494964 4.62535918037326 -0.25
0 0

0101101
*
Ed
 1e-07 1 1 0
1  18 0 6.12231002998127 6.44406058437791
2  27 17 0 6.12231002998127 6.44406058437791
2  28 16 0 6.12231002998127 6.44406058437791
0

0101000
+271 0 -264 0 *
Ve
1.01e-07
14.9215387539965 5.51978637137318 -0.25
0 0

0101101
*
Ed
 1e-07 1 1 0
1  19 0 6.12231002998127 6.44406058437791
2  29 18 0 6.12231002998127 6.44406058437791
2  30 16 0 6.12231002998127 6.44406058437791
0

0101000
+269 0 -262 0 *
Ed
 1e-07 1 1 0
1  20 0 -0.5 0.5
2  31 16 0 -0.5 0.5
2  32 19 0 -0.5 0.5
4 C1 19 0 16 0
0

0101000
+264 0 -262 0 *
Wi

0101100
+263 0 -267 0 -261 0 +260 0 *
Fa
0  1e-07 16 0

0101000
+259 0 *
Ve
1.01e-07
22.5403252247502 8.21114561800017 -0.25
0 0

0101101
*
Ed
 1e-07 1 1 0
1  21 0 0.162277660168379 8.18033988749895
2  33 19 0 0.162277660168379 8.18033988749895
2  34 20 0 0.162277660168379 8.18033988749895
0

0101000
+264 0 -257 0 *
Ve
1.01e-07
22.0931116292503 9.10557280900009 -0.25
0 0

0101101
*
Ed
 1e-07 1 1 0
1  22 0 0.162277660168379 8.18033988749895
2  35 19 0 0.162277660168379 8.18033988749895
2  36 21 0 0.162277660168379 8.18033988749895
0

0101000
+262 0 -255 0 *
Ed
 1e-07 1 1 0
1  23 0 -0.5 0.5
2  37 19 0 -0.5 0.5
2  38 22 0 -0.5 0.5
4 C1 22 0 19 0
0

0101000
+257 0 -255 0 *
Wi

0101100
-256 0 +260 0 +254 0 -253 0 *
Fa
0  1e-07 19 0

0101000
+252 0 *
Ve
1.01e-07
23.2111456180002 7.54032522475023 -0.25
0 0

0101101
*
Ed
 1e-07 1 1 0
1  24 0 5.03413953478133 7.53223107957784
2  39 23 0 5.03413953478133 7.53223107957784
2  40 22 0 5.03413953478133 7.53223107957784
0

0101000
+257 0 -250 0 *
Ve
1.01e-07
24.1055728090001 7.09311162925027 -0.25
0 0

0101101
*
Ed
 1e-07 1 1 0
1  25 0 5.03413953478133 7.53223107957784
2  41 24 0 5.03413953478133 7.53223107957784
2  42 22 0 5.03413953478133 7.53223107957784
0

0101000
+255 0 -248 0 *
Ed
 1e-07 1 1 0
1  26 0 -0.5 0.5
2  43 22 0 -0.5 0.5
2  44 25 0 -0.5 0.5
4 C1 25 0 22 0
0

0101000
+250 0 -248 0 *
Wi

0101100
+249 0 -253 0 -247 0 +246 0 *
Fa
0  1e-07 22 0

0101000
+245 0 *
Ve
1.01e-07
19.5527864045001 0.223606797749969 -0.25
0 0

0101101
*
Ed
 1e-07 1 1 0
1  27 0 3 11.1803398874989
2  45 25 0 3 11.1803398874989
2  46 26 0 3 11.1803398874989
0

0101000
+250 0 -243 0 *
Ve
1.01e-07
20.4472135955 -0.223606797749987 -0.25
0 0

0101101
*
Ed
 1e-07 1 1 0
1  28 0 3 11.1803398874989
2  47 25 0 3 11.1803398874989
2  48 27 0 3 11.1803398874989
0

0101000
+248 0 -241 0 *
Ed
 1e-07 1 1 0
1  29 0 -0.5 0.5
2  49 25 0 -0.5 0.5
0

0101000
+243 0 -241 0 *
Wi

0101100
-242 0 +246 0 +240 0 -239 0 *
Fa
0  1e-07 25 0

0101000
+238 0 *
Ve
1.01e-07
9.5857864376269 0.5 0.25
0 0

0101101
*
Ed
 1e-07 1 1 0
1  30 0 0 9.5857864376269
2  50 4 0 0 9.5857864376269
2  51 3 0 0 9.5857864376269
0

0101000
+301 0 -236 0 *
Ed
 1e-07 1 1 0
1  31 0 -0.25 0.25
2  52 12 0 -0.25 0.25
2  53 4 0 -0.25 0.25
4 G1 12 0 4 0
0

0101000
+283 0 -236 0 *
Wi

0101100
-282 0 +298 0 +235 0 -234 0 *
Fa
0  1e-07 4 0

0101000
+233 0 *
Ve
1.01e-07
9.93933982822018 0.646446609406726 0.25
0 0

0101101
*
Ed
 1e-07 1 1 0
1  32 0 5.89048622548086 6.67588438887831
2  54 12 0 5.89048622548086 6.67588438887831
2  55 28 0 5.89048622548086 6.67588438887831
0

0101000
+236 0 -231 0 *
Ed
 1e-07 1 1 0
1  33 0 -0.25 0.25
2  56 12 0 -0.25 0.25
2  57 15 0 -0.25 0.25
4 G1 15 0 12 0
0

0101000
+276 0 -231 0 *
Wi

0101100
+275 0 -234 0 -230 0 +229 0 *
Fa
0  1e-07 12 0

0101000
+228 0 *
Ve
1.01e-07
14.5316989754666 5.23880575665313 0.25
0 0

0101101
*
Ed
 1e-07 1 1 0
1  34 0 0.414213562373095 6.9087901516971
2  58 15 0 0.414213562373095 6.9087901516971
2  59 29 0 0.414213562373095 6.9087901516971
0

0101000
+231 0 -226 0 *
Ed
 1e-07 1 1 0
1  35 0 -0.25 0.25
2  60 18 0 -0.25 0.25
2  61 15 0 -0.25 0.25
4 G1 18 0 15 0
0

0101000
+269 0 -226 0 *
Wi

0101100
-268 0 +229 0 +225 0 -224 0 *
Fa
0  1e-07 15 0

0101000
+223 0 *
Ve
1.01e-07
14.9215387539965 5.51978637137318 0.25
0 0

0101101
*
Ed
 1e-07 1 1 0
1  36 0 6.12231002998127 6.44406058437791
2  62 18 0 6.12231002998127 6.44406058437791
2  63 30 0 6.12231002998127 6.44406058437791
0

0101000
+226 0 -221 0 *
Ed
 1e-07 1 1 0
1  37 0 -0.25 0.25
2  64 18 0 -0.25 0.25
2  65 21 0 -0.25 0.25
4 G1 21 0 18 0
0

0101000
+221 0 -262 0 *
Wi

0101100
-261 0 +224 0 +220 0 +219 0 *
Fa
0  1e-07 18 0

0101000
+218 0 *
Ve
1.01e-07
22.0931116292503 9.10557280900009 0.25
0 0

0101101
*
Ed
 1e-07 1 1 0
1  38 0 0.162277660168379 8.18033988749895
2  66 21 0 0.162277660168379 8.18033988749895
2  67 31 0 0.162277660168379 8.18033988749895
0

0101000
+221 0 -216 0 *
Ed
 1e-07 1 1 0
1  39 0 -0.25 0.25
2  68 24 0 -0.25 0.25
2  69 21 0 -0.25 0.25
4 G1 24 0 21 0
0

0101000
+255 0 -216 0 *
Wi

0101100
-254 0 -219 0 +215 0 -214 0 *
Fa
0  1e-07 21 0

0101000
+213 0 *
Ve
1.01e-07
24.1055728090001 7.09311162925027 0.25
0 0

0101101
*
Ed
 1e-07 1 1 0
1  40 0 5.03413953478133 7.53223107957784
2  70 24 0 5.03413953478133 7.53223107957784
2  71 32 0 5.03413953478133 7.53223107957784
0

0101000
+216 0 -211 0 *
Ed
 1e-07 1 1 0
1  41 0 -0.25 0.25
2  72 24 0 -0.25 0.25
2  73 27 0 -0.25 0.25
4 G1 27 0 24 0
0

0101000
+211 0 -248 0 *
Wi

0101100
-247 0 +214 0 +210 0 +209 0 *
Fa
0  1e-07 24 0

0101000
+208 0 *
Ve
1.01e-07
20.4472135955 -0.223606797749985 0.25
0 0

0101101
*
Ed
 1e-07 1 1 0
1  42 0 3 11.1803398874989
2  74 27 0 3 11.1803398874989
2  75 33 0 3 11.1803398874989
0

0101000
+211 0 -206 0 *
Ed
 1e-07 1 1 0
1  43 0 -0.25 0.25
2  76 27 0 -0.25 0.25
0

0101000
-206 0 +241 0 *
Wi

0101100
-240 0 -209 0 +205 0 -204 0 *
Fa
0  1e-07 27 0

0101000
+203 0 *
Ve
1.01e-07
9.5857864376269 -0.5 0.25
0 0

0101101
*
Ed
 1e-07 1 1 0
1  44 0 0 9.5857864376269
2  77 3 0 0 9.5857864376269
2  78 5 0 0 9.5857864376269
0

0101000
+300 0 -201 0 *
Ed
 1e-07 1 1 0
1  45 0 -0.5 0.5
2  79 3 0 -0.5 0.5
2  80 28 0 -0.5 0.5
4 C1 28 0 3 0
0

0101000
+236 0 -201 0 *
Wi

0101100
-235 0 +299 0 +200 0 -199 0 *
Fa
0  1e-07 3 0

0101000
+198 0 *
Ve
1.01e-07
10.6464466094067 -0.0606601717798207 0.25
0 0

0101101
*
Ed
 1e-07 1 1 0
1  46 0 5.89048622548086 6.67588438887831
2  81 11 0 5.89048622548086 6.67588438887831
2  82 28 0 5.89048622548086 6.67588438887831
0

0101000
+201 0 -196 0 *
Ed
 1e-07 1 1 0
1  47 0 -0.5 0.5
2  83 28 0 -0.5 0.5
2  84 29 0 -0.5 0.5
4 C1 29 0 28 0
0

0101000
+231 0 -196 0 *
Wi

0101100
+230 0 -199 0 -195 0 +194 0 *
Fa
0  1e-07 28 0

0101000
+193 0 *
Ve
1.01e-07
15.2388057566531 4.53169897546658 0.25
0 0

0101101
*
Ed
 1e-07 1 1 0
1  48 0 0.414213562373095 6.9087901516971
