
CASCADE Topology V1, (c) Matra-Datavision
Locations 99
1
              1               0               0               0 
              0               1               0               0 
              0               0               1               0 
1
              1               0               0               0 
              0               1               0               0 
              0               0               1               0 
2  2 -1 0
1
            0.5               0 0.866025403784439 -1.29903810567666 
              0               1               0               0 
-0.866025403784439               0             0.5            0.75 
1
0.499999999999998               0 -0.86602540378444 0.513909594513476 
              0               1               0               0 
0.86602540378444               0 0.499999999999998 0.750000000000003 
2  4 1 5 1 0
1
0.499999999999998               0 -0.86602540378444 0.513909594513476 
              0               1               0               0 
0.86602540378444               0 0.499999999999998 0.750000000000003 
2  4 1 7 1 0
1
0.499999999999998               0 -0.86602540378444 0.513909594513476 
              0               1               0               0 
0.86602540378444               0 0.499999999999998 0.750000000000003 
2  4 1 9 1 0
1
0.499999999999998               0 -0.86602540378444 0.513909594513476 
              0               1               0               0 
0.86602540378444               0 0.499999999999998 0.750000000000003 
2  4 1 11 1 0
2  5 -1 0
1
              1               0               0              -5 
              0               1               0              -0 
              0               0               1               0 
1
0.499999999999998               0 -0.86602540378444 0.513909594513476 
              0               1               0               0 
0.86602540378444               0 0.499999999999998 0.750000000000003 
2  14 1 4 1 15 1 0
2  7 -1 0
2  11 -1 0
2  9 -1 0
2  15 -1 4 -1 14 -1 0
1
              1               0               0               0 
              0 0.766044443118978 0.642787609686539 2.66094937365349 
              0 -0.642787609686539 0.766044443118978 6.31089831842488 
1
              1               0               0               0 
              0 0.766044443118978 -0.642787609686539 2.54158077140907 
              0 0.642787609686539 0.766044443118978 -6.54485387530591 
2  21 1 22 1 0
1
              1               0               0               0 
              0 0.766044443118978 -0.642787609686539 2.54158077140907 
              0 0.642787609686539 0.766044443118978 -6.54485387530591 
2  21 1 24 1 0
1
              1               0               0               0 
              0 0.766044443118978 -0.642787609686539 2.54158077140907 
              0 0.642787609686539 0.766044443118978 -6.54485387530591 
2  21 1 26 1 0
1
              1               0               0               0 
              0 0.766044443118978 -0.642787609686539 2.54158077140907 
              0 0.642787609686539 0.766044443118978 -6.54485387530591 
2  21 1 28 1 0
2  22 -1 0
1
              1               0               0              -0 
              0               1               0               5 
              0               0               1               0 
1
              1               0               0               0 
              0 0.766044443118978 -0.642787609686539 2.54158077140907 
              0 0.642787609686539 0.766044443118978 -6.54485387530591 
2  31 1 21 1 32 1 0
2  24 -1 0
2  28 -1 0
2  26 -1 0
2  32 -1 21 -1 31 -1 0
1
0.939692620785908               0 -0.342020143325669 1.11610400712942 
              0               1               0               0 
0.342020143325669               0 0.939692620785908 -3.32974036443555 
1
0.939692620785908               0 0.342020143325669 0.351753080873473 
              0               1               0               0 
-0.342020143325669               0 0.939692620785908 3.51066250207783 
2  38 1 39 1 0
1
0.939692620785908               0 0.342020143325669 0.351753080873473 
              0               1               0               0 
-0.342020143325669               0 0.939692620785908 3.51066250207783 
2  38 1 41 1 0
1
0.939692620785908               0 0.342020143325669 0.351753080873473 
              0               1               0               0 
-0.342020143325669               0 0.939692620785908 3.51066250207783 
2  38 1 43 1 0
1
0.939692620785908               0 0.342020143325669 0.351753080873473 
              0               1               0               0 
-0.342020143325669               0 0.939692620785908 3.51066250207783 
2  38 1 45 1 0
2  39 -1 0
1
              1               0               0               5 
              0               1               0               0 
              0               0               1              -0 
1
0.939692620785908               0 0.342020143325669 0.351753080873473 
              0               1               0               0 
-0.342020143325669               0 0.939692620785908 3.51066250207783 
2  48 1 38 1 49 1 0
2  41 -1 0
2  45 -1 0
2  43 -1 0
2  49 -1 38 -1 48 -1 0
1
              1               0               0               0 
              0 0.17364817766693 -0.984807753012208 -0.492403876506104 
              0 0.984807753012208 0.17364817766693 -0.413175911166535 
1
              1               0               0               0 
              0 0.173648177666934 0.984807753012207 -0.554434138378136 
              0 -0.984807753012207 0.173648177666934 -0.413175911166533 
2  55 1 56 1 0
1
              1               0               0               0 
              0 0.173648177666934 0.984807753012207 -0.554434138378136 
              0 -0.984807753012207 0.173648177666934 -0.413175911166533 
2  55 1 58 1 0
1
              1               0               0               0 
              0 0.173648177666934 0.984807753012207 -0.554434138378136 
              0 -0.984807753012207 0.173648177666934 -0.413175911166533 
2  55 1 60 1 0
2  56 -1 0
1
              1               0               0               0 
              0               1               0              -5 
              0               0               1              -0 
1
              1               0               0               0 
              0 0.173648177666934 0.984807753012207 -0.554434138378136 
              0 -0.984807753012207 0.173648177666934 -0.413175911166533 
2  63 1 55 1 64 1 0
2  60 -1 0
2  58 -1 0
2  64 -1 55 -1 63 -1 0
1
0.866025403784439 0.492403876506104 -0.0868240888334652 2.29633391773888 
-0.492403876506104 0.870065232173952 0.0229110052998225 4.67161582559142 
0.0868240888334652 0.0229110052998224 0.995960171610487 -0.823731913556418 
1
0.866025403784439 -0.492403876506104 0.0868240888334652 0.775722262153938 
1.76247905159244e-15 0.173648177666933 0.984807753012208 -0.554434138378155 
           -0.5 -0.852868531952442 0.150383733180439 4.84314105902134 
2  69 1 70 1 0
1
0.866025403784439 -0.492403876506104 0.0868240888334652 0.775722262153938 
1.76247905159244e-15 0.173648177666933 0.984807753012208 -0.554434138378155 
           -0.5 -0.852868531952442 0.150383733180439 4.84314105902134 
2  69 1 72 1 0
1
0.866025403784439 -0.492403876506104 0.0868240888334652 0.775722262153938 
1.76247905159244e-15 0.173648177666933 0.984807753012208 -0.554434138378155 
           -0.5 -0.852868531952442 0.150383733180439 4.84314105902134 
2  69 1 74 1 0
1
0.866025403784439 -0.492403876506104 0.0868240888334652 0.775722262153938 
1.76247905159244e-15 0.173648177666933 0.984807753012208 -0.554434138378155 
           -0.5 -0.852868531952442 0.150383733180439 4.84314105902134 
2  69 1 76 1 0
2  70 -1 0
1
              1               0               0               5 
              0               1               0               0 
              0               0               1              -0 
1
0.866025403784439 -0.492403876506104 0.0868240888334652 0.775722262153938 
1.76247905159244e-15 0.173648177666933 0.984807753012208 -0.554434138378155 
           -0.5 -0.852868531952442 0.150383733180439 4.84314105902134 
2  55 1 79 1 69 1 80 1 0
2  74 -1 0
2  76 -1 0
2  72 -1 0
2  79 1 69 1 80 1 0
2  80 -1 69 -1 79 -1 0
1
0.499999999999998               0 -0.86602540378444 0.513909594513476 
              0               1               0               0 
0.86602540378444               0 0.499999999999998 0.750000000000003 
1
            0.5               0 0.866025403784439 -1.29903810567666 
              0               1               0               0 
-0.866025403784439               0             0.5            0.75 
2  88 -1 0
2  14 -1 0
1
              1               0               0               0 
              0 0.766044443118978 0.642787609686539 2.66094937365349 
              0 -0.642787609686539 0.766044443118978 6.31089831842488 
2  91 -1 0
2  31 -1 0
1
0.939692620785908               0 -0.342020143325669 1.11610400712942 
              0               1               0               0 
0.342020143325669               0 0.939692620785908 -3.32974036443555 
2  94 -1 0
2  48 -1 0
1
              1               0               0               0 
              0 0.17364817766693 -0.984807753012208 -0.492403876506104 
              0 0.984807753012208 0.17364817766693 -0.413175911166535 
2  97 -1 0
2  63 -1 0
Curve2ds 196
1 0 0 0 1 
1 0.39256425558159203 -5 0 1 
1 0 10 1 0 
1 -5 -0.26170950372106105 1 0 
1 10 0 0 1 
1 0.13085475186053053 -5 0 1 
1 0 0 1 0 
1 5 0.52341900744212011 -1 0 
1 0.39256425558159203 5 -1 0 
1 0.39256425558159197 0.5 -1 1.979978227123587e-62 
1 -0.39256425558159191 5 0 -1 
8 0 10
1 10 0 -1 -0 
1 -0.39256425558159191 -5 1 0 
8 0 0.78512851116318394
1 -0.5 -0.39256425558159197 -0 1 
1 -0.39256425558159197 0.5 0 -1 
1 0 0 1 0 
1 0.39256425558159203 5 -1 0 
8 0 0.78512851116318394
1 0.39256425558159197 -0.5 -1 1.979978227123587e-62 
1 0.39256425558159197 -0.5 0 1 
1 0.5 0.26170950372106105 -1 0 
1 -0.39256425558159191 5 0 -1 
8 0 10
1 10 0 -1 -0 
1 -0.39256425558159191 -5 1 0 
1 0.5 -0.39256425558159197 0 1 
1 -0.5 -0.39256425558159197 1 0 
1 0 0 1 0 
1 0.5 0.39256425558159197 -1 0 
1 -0.5 -0.52341900744212022 1 0 
1 10 0 0 -1 
1 0 0 0 -1 
1 0 0 0 -1 
1 0 0 0 -1 
1 0 -5 1 0 
1 0 0 0 -1 
1 1 0 0 -1 
1 10 0 0 -1 
1 0 -5 1 0 
1 0 -10 1 0 
1 1 0 0 -1 
1 0 0 0 -1 
1 0 -5 1 0 
1 0 0 1 0 
1 0 -5 1 0 
1 1 0 0 -1 
1 5 -0.26170950372106105 0 1 
1 -0.5 0.26170950372106105 0 -1 
1 5 0.26170950372106105 -1 0 
8 0 10
1 10 0 -1 -0 
1 -5 0.26170950372106105 0 -1 
8 0 0.52341900744212211
1 -0.5 -0.26170950372106105 -0 1 
1 -0.5 -0.26170950372106105 1 0 
1 0 0 1 0 
1 5 -0.26170950372106105 0 1 
8 0 0.52341900744212211
1 0.5 0.26170950372106105 -0 -1 
1 0.5 0.26170950372106105 -1 0 
1 -0.5 -0.13085475186053053 1 0 
1 5 0.26170950372106105 -1 0 
8 0 10
1 10 0 -1 -0 
1 -5 0.26170950372106105 0 -1 
1 0.5 -0.26170950372106105 0 1 
1 -0.5 -0.26170950372106105 1 0 
1 0 0 1 0 
1 10 0 0 -1 
1 0 0 0 -1 
1 0 0 0 -1 
1 0 0 0 -1 
1 0 -5 1 0 
1 0 0 0 1 
1 1 0 0 -1 
1 10 0 0 -1 
1 0 -5 1 0 
1 0 10 1 0 
1 1 0 0 -1 
1 0 0 0 -1 
1 0 -5 1 0 
1 0 0 1 0 
1 0 -5 1 0 
1 1 0 0 1 
1 0.13085475186053053 5 -1 0 
1 0.5 -0.13085475186053053 0 1 
1 -0.13085475186053053 5 0 -1 
8 0 10
1 10 0 -1 -0 
1 -0.13085475186053053 -5 1 0 
8 0 0.26170950372106105
1 0.5 0.13085475186053053 -0 -1 
1 0.5 0.13085475186053053 -1 0 
1 0 0 1 0 
1 0.13085475186053053 5 -1 0 
8 0 0.26170950372106105
1 -0.5 -0.13085475186053053 -0 1 
1 -0.13085475186053053 5 0 -1 
8 0 10
1 10 0 -1 -0 
1 -0.13085475186053053 -5 1 0 
1 -0.5 0.13085475186053053 0 -1 
1 0.5 0.13085475186053053 -1 0 
1 0 0 1 0 
1 -0.5 -0.13085475186053053 1 0 
1 -0.5 -0.52341900744212022 1 0 
1 10 0 0 -1 
1 0 0 0 -1 
1 0 0 0 -1 
1 0 0 0 -1 
1 0 -5 1 0 
1 0 0 0 -1 
1 1 0 0 -1 
1 10 0 0 -1 
1 0 -5 1 0 
1 0 -10 1 0 
1 1 0 0 -1 
1 0 0 0 -1 
1 0 -5 1 0 
1 0 0 1 0 
1 0 -5 1 0 
1 1 0 0 -1 
1 -5 0.52341900744212011 0 -1 
1 0.5 -0.52341900744212022 0 1 
1 -5 -0.52341900744212011 1 0 
8 0 10
1 10 0 -1 -0 
1 5 -0.52341900744212011 0 1 
8 0 1.0468380148842402
1 0.5 0.52341900744212 -0 -1 
1 0.5 0.52341900744212 -1 0 
8 0 1
1 0.49999999999999989 -0.1962821277907949 -1 -0 
1 -5 0.52341900744212011 0 -1 
8 0 1.0468380148842402
1 -0.5 -0.52341900744212022 -0 1 
1 -5 -0.52341900744212011 1 0 
8 0 10
1 10 0 -1 -0 
1 5 -0.52341900744212011 0 1 
1 -0.5 0.52341900744212 0 -1 
1 0.5 0.52341900744212 -1 0 
1 0 0 1 0 
1 10 0 0 -1 
8 0 5
1 -2.5 0.1962821277907949 1 -2.4892061111444567e-60 
1 0 0 0 -1 
1 0 0 0 -1 
1 0 -5 1 0 
1 0 0 0 1 
1 1 0 0 -1 
1 0 0 0 -1 
1 0 -5 1 0 
1 0 0 1 0 
1 10 0 0 -1 
8 0 5
1 -2.5000000000000004 0.1962821277907949 1 -0 
1 0 -5 1 0 
1 1 0 0 1 
1 0 10 1 0 
8 0 1
1 0.5 -0.1962821277907949 -1 -0 
1 -2.5000000000000004 0.1962821277907949 0 -1 
1 0.49999999999999989 -0.1962821277907949 0 1 
1 -2.5000000000000004 -0.19628212779079668 1 -2.4892061111444567e-60 
1 3.9231409502973252e-16 0 1 -4.3678577702115161e-18 
1 2.5 -0.19628212779079668 0 1 
8 0 0.39256425558159158
1 0.5 0.19628212779079668 -0 -1 
1 -2.5000000000000009 0.1962821277907949 0 -1 
8 0 0.39256425558159158
1 -0.50000000000000011 -0.1962821277907949 -0 1 
1 -2.5000000000000009 -0.19628212779079668 1 0 
1 8.3124091661805568e-16 0 1 -4.3678577702115161e-18 
1 2.4999999999999996 -0.19628212779079668 0 1 
1 -0.5 0.19628212779079668 0 -1 
1 0.49999999999999989 0.19628212779079668 -1 0 
1 3.3764628291855663e-16 0 1 -2.4771352362876567e-17 
1 0.5 0.19628212779079668 -1 0 
1 -1.7493699875576285e-15 0 1 -2.4771352362876567e-17 
1 0 0 0 -1 
1 0 0 0 -1 
1 5 0 0 -1 
1 0 0 0 -1 
1 0 -5 1 0 
1 0 0 0 -1 
1 0.99999999999999989 0 0 -1 
1 -2.7333906055587946e-17 0 0 -1 
1 0 -5 1 0 
1 0 0 1 0 
1 0.99999999999999989 0 0 -1 
1 5 0 0 -1 
1 0 -5 1 0 
1 0 -5 1 0 
1 0 -5 1 0 
1 1 0 0 -1 
1 1 0 0 -1 
1 0 0 0 1 
1 0 0 0 1 
1 1.0471975511965976 0 0 1 
1 0 0 1 0 
1 1 0 0 1 
1 0 10 1 0 
1 0 0 0 1 
1 0.69813170079773179 0 0 1 
1 0 0 1 0 
1 1 0 0 -1 
1 10 0 0 1 
1 0 0 0 1 
1 0.3490658503988659 0 0 1 
1 0 0 1 0 
1 1 0 0 1 
1 0 0 1 0 
1 0 0 0 1 
1 1.3962634015954636 0 0 1 
1 0 0 1 0 
Curves 96
1 0 0 0 -0 1 0 
1 0 10 0 1 0 -0 
1 10 0 0 -0 1 0 
1 0 0 0 1 0 -0 
1 0 10 0 -1 0 0 
1 -0.78512851116318394 10 0 0 -1 0 
1 -0.78512851116318394 0 0 1 0 0 
1 -0.78512851116318394 10 0 0 0 1 
1 0 10 1 -1 0 0 
1 0 10 1 0 0 -1 
1 -0.78512851116318394 10 1 0 -1 0 
1 -0.78512851116318394 0 1 1 0 0 
1 0 0 1 0 1 0 
1 -0.78512851116318394 0 0 0 0 1 
1 0 0 1 0 0 -1 
1 -0.7851285111631815 10.000000000000002 -1.8873791418627661e-15 -1 0 -2.1094237467877974e-15 
1 -0.7851285111631815 0 -1.8873791418627661e-15 -1 0 -2.1094237467877974e-15 
1 -5.7851285111631823 0 -1.2434497875801755e-14 0 1 0 
1 -0.78512851116318361 10.000000000000002 0.99999999999999833 -1 0 -2.1094237467877974e-15 
1 -5.7851285111631823 10.000000000000002 -1.2434497875801755e-14 -2.1094237467877974e-15 0 1 
1 -0.78512851116318361 0 0.99999999999999833 -1 0 -2.1094237467877974e-15 
1 -5.7851285111631823 0 -1.2434497875801755e-14 -2.1094237467877974e-15 0 1 
1 -5.7851285111631841 0 0.99999999999998779 0 1 0 
1 10 10 0 0 1 0 
1 10 10.523419007442122 0 -1 0 0 
1 0 10.523419007442122 0 0 -1 0 
1 10 10.523419007442122 0 0 0 1 
1 10 10 1 0 1 0 
1 10 10 1 0 0 -1 
1 10 10.523419007442122 1 -1 0 0 
1 0 10.523419007442122 1 0 -1 0 
1 0 10 1 1 0 0 
1 0 10.523419007442122 0 0 0 1 
1 9.9999999999999982 10.523419007442122 1.4432899320127027e-15 0 1 4.9960036108132044e-16 
1 0 10.523419007442122 1.4432899320127027e-15 0 1 4.9960036108132044e-16 
1 0 15.52341900744212 3.9412917374193041e-15 1 0 0 
1 9.9999999999999982 10.523419007442122 1.0000000000000011 0 1 4.9960036108132044e-16 
1 9.9999999999999982 15.52341900744212 3.9412917374193041e-15 0 -4.9960036108132044e-16 1 
1 0 10.523419007442122 1.0000000000000011 0 1 4.9960036108132044e-16 
1 0 15.52341900744212 3.9412917374193041e-15 0 -4.9960036108132044e-16 1 
1 0 15.52341900744212 1.0000000000000036 1 0 0 
1 10 10 0 1 0 0 
1 10.261709503721061 10 0 0 -1 0 
1 10.261709503721061 0 0 -1 0 0 
1 10.261709503721061 10 0 0 0 1 
1 10 10 1 1 0 0 
1 10.261709503721061 10 1 0 -1 0 
1 10.261709503721061 0 1 -1 0 0 
1 10 0 1 0 1 0 
1 10.261709503721061 0 0 0 0 1 
1 10 0 1 0 0 -1 
1 10.261709503721059 9.9999999999999982 3.1086244689504379e-15 1 0 2.2204460492503131e-16 
1 10.261709503721059 0 3.1086244689504379e-15 1 0 2.2204460492503131e-16 
1 15.261709503721058 0 4.2188474935755949e-15 0 1 0 
1 10.261709503721059 9.9999999999999982 1.0000000000000029 1 0 2.2204460492503131e-16 
1 15.261709503721058 9.9999999999999982 4.2188474935755949e-15 -2.2204460492503131e-16 0 1 
1 10.261709503721059 0 1.0000000000000029 1 0 2.2204460492503131e-16 
1 15.261709503721058 0 4.2188474935755949e-15 -2.2204460492503131e-16 0 1 
1 15.261709503721058 0 1.000000000000004 0 1 0 
1 10 0 0 0 -1 0 
1 10 -1.0468380148842402 0 -1 0 0 
1 0 -1.0468380148842402 0 0 1 0 
1 10 -1.0468380148842402 0 0 0 1 
1 10 0 1 0 -1 0 
1 10 -1.0468380148842402 1 -1 0 0 
1 0 -1.0468380148842402 1 0 1 0 
1 0 0 1 1 0 0 
1 0 -1.0468380148842402 0 0 0 1 
1 9.9999999999999982 -1.0468380148842422 -5.5511151231257827e-17 0 -1 -3.913536161803676e-15 
1 0 -1.0468380148842422 -5.5511151231257827e-17 0 -1 -3.913536161803676e-15 
1 0 -6.0468380148842424 -1.9623191960249639e-14 1 0 0 
1 0 -1.0468380148842462 1 0 -1 -3.913536161803676e-15 
1 0 -6.0468380148842424 -1.9623191960249639e-14 0 -3.913536161803676e-15 1 
1 9.9999999999999982 -1.0468380148842462 1 0 -1 -3.913536161803676e-15 
1 0 -6.046838014884246 0.99999999999998035 1 0 0 
1 9.9999999999999982 -6.0468380148842424 -1.9623191960249639e-14 0 -3.913536161803676e-15 1 
1 10 -1.046838014884242 2.2204460492503131e-16 1 0 0 
1 10.392564255581592 -1.046838014884242 2.2204460492503131e-16 0 -1 -3.5527136788005009e-15 
1 10.392564255581592 -6.0468380148842424 -1.7541523789077473e-14 -1 0 0 
1 10 -1.0468380148842455 1.0000000000000002 1 0 0 
1 10.392564255581592 -1.0468380148842455 1.0000000000000002 0 -1 -3.5527136788005009e-15 
1 10.392564255581592 -6.046838014884246 0.99999999999998246 -1 0 0 
1 10.392564255581592 -1.046838014884242 2.2204460492503131e-16 0 -3.5527136788005009e-15 1 
1 10.392564255581592 -6.0468380148842424 -1.7541523789077473e-14 0 -3.5527136788005009e-15 1 
1 10.392564255581593 -1.0468380148842416 1.1102230246251565e-16 1 4.163336342344337e-17 -3.4694469519536142e-16 
1 10.392564255581593 -6.0468380148842424 -1.7541523789077473e-14 1 4.163336342344337e-17 -3.4694469519536142e-16 
1 15.392564255581593 -1.0468380148842416 -1.6930901125533637e-15 3.4795105331041393e-17 -1 -3.913536161803676e-15 
1 10.392564255581593 -1.0468380148842449 1 1 4.163336342344337e-17 -3.4694469519536142e-16 
1 15.392564255581593 -1.0468380148842416 -1.6930901125533637e-15 3.5717083787356394e-16 -3.8580250105724182e-15 1 
1 10.392564255581593 -6.0468380148842469 0.99999999999998246 1 4.163336342344337e-17 -3.4694469519536142e-16 
1 15.392564255581593 -6.0468380148842424 -2.1260770921571748e-14 3.5717083787356394e-16 -3.8580250105724182e-15 1 
1 15.392564255581593 -1.0468380148842455 0.99999999999999856 3.4795105331041393e-17 -1 -3.913536161803676e-15 
1 0 0 1 -0 1 0 
1 0 10 1 1 0 -0 
1 10 0 1 -0 1 0 
1 0 0 1 1 0 -0 
Polygon3D 0
PolygonOnTriangulations 0
Surfaces 50
1 0 0 0 0 0 1 1 0 -0 -0 1 0 
1 -0.39256425558159203 5 0 0 0 1 1 0 -0 -0 1 0 
1 5 10.261709503721061 0 0 0 1 1 0 -0 -0 1 0 
1 10.130854751860531 5 0 -0 -0 -1 -1 0 0 0 1 -0 
1 5 -0.52341900744212011 0 -0 -0 -1 -1 0 0 0 1 -0 
1 -0.39256425558159197 9.9999999999999982 0.5 -1.7922123209948649e-31 1 1.104767668389029e-31 1 1.7922123209948649e-31 0 -1.979978227123587e-62 1.104767668389029e-31 -1 
1 0 0 0 -0 0 -1 0 1 0 1 0 -0 
1 -0.39256425558159197 0 0.5 0 1 0 0 -0 1 1 0 -0 
1 0 10 0 -0 1 0 0 0 1 1 0 -0 
1 -0.39256425558159203 5 1 0 0 1 1 0 -0 -0 1 0 
1 0 10.261709503721061 0.5 1 0 0 -0 0 1 0 -1 0 
1 0 0 1 -0 0 -1 0 1 0 1 0 -0 
1 0 0 0 -0 1 0 0 0 1 1 0 -0 
1 0 -0.52341900744212022 0.5 -1 -0 -0 0 0 -1 0 -1 0 
1 0 0 0 1 0 -0 0 0 1 0 -1 0 
1 10 10.261709503721061 0.5 1 0 0 -0 0 1 0 -1 0 
1 0 10 0 -0 0 -1 1 0 -0 0 -1 -0 
1 10 10 0 1 0 -0 0 0 1 0 -1 0 
1 5 10.261709503721061 1 0 0 1 1 0 -0 -0 1 0 
1 10.130854751860531 10 0.5 -0 -1 -0 0 0 -1 1 -0 0 
1 0 10 1 -0 0 -1 1 0 -0 0 -1 -0 
1 0 10 0 1 0 -0 0 0 1 0 -1 0 
1 0 10 0 -0 1 0 0 0 1 1 0 -0 
1 10 0 0 0 0 1 -0 1 0 -1 -0 0 
1 10.130854751860531 0 0.5 -0 -1 -0 0 0 -1 1 -0 0 
1 10 10 0 0 -1 0 0 0 1 -1 0 0 
1 10.130854751860531 5 1 -0 -0 -1 -1 0 0 0 1 -0 
1 10 0 1 0 0 1 -0 1 0 -1 -0 0 
1 10 0 0 0 -1 0 0 0 1 -1 0 0 
1 10 -0.52341900744212022 0.5 -1 -0 -0 0 0 -1 0 -1 0 
1 10 0 0 1 0 -0 0 0 1 0 -1 0 
1 0 0 0 0 0 1 1 0 -0 -0 1 0 
1 10.196282127790795 -1.0468380148842438 0.50000000000000011 -0 -1 -3.5527136788005009e-15 0 3.5527136788005009e-15 -1 1 -0 0 
1 5 -0.52341900744212011 1 -0 -0 -1 -1 0 0 0 1 -0 
1 0 0 1 0 0 1 1 0 -0 -0 1 0 
1 0 0 0 -1 -0 0 0 0 1 -0 1 0 
1 10.196282127790795 -3.5468380148842424 -8.659739592076221e-15 -2.3731413558619399e-30 3.5527136788005001e-15 -1 0 -1 -3.5527136788005001e-15 -1 -8.4310917566978788e-45 2.3731413558619399e-30 
1 0 0 0 -0 1 0 0 0 1 1 0 -0 
1 10.196282127790795 -3.5468380148842464 0.99999999999999123 1.1865706779309703e-30 3.5527136788005009e-15 -1 0 -1 -3.5527136788005009e-15 -1 4.2155458783489419e-45 -1.1865706779309703e-30 
1 10.196282127790795 -6.0468380148842442 0.49999999999998246 -0 -1 -3.5527136788005009e-15 0 3.5527136788005009e-15 -1 1 -0 0 
1 10 -0.49240387650610401 -0.41317591116653479 -0 0.98480775301220813 -0.17364817766693044 0 -0.17364817766693044 -0.98480775301220813 -1 -0 0 
1 10 -1.477211629518312 -0.23952773349960438 -0 0.98480775301220813 -0.17364817766693044 0 -0.17364817766693044 -0.98480775301220813 -1 -0 0 
1 10 -0.49240387650610401 -0.41317591116653479 0 -0.17364817766693044 -0.98480775301220813 0 -0.98480775301220813 0.17364817766693044 -1 -0 0 
1 10 -1.360644764840756 -5.3372146762275747 0 -0.17364817766693044 -0.98480775301220813 0 -0.98480775301220813 0.17364817766693044 -1 -0 0 
1 10 0 0 -1 -0 0 0 0 1 -0 1 0 
1 0 0 1 0 0 1 1 0 -0 -0 1 0 
2 0 0 1.5 0 1 0 0 0 -1 -1 0 0 0.5
2 0 10 -0.5 1 0 0 0 0 1 -0 1 -0 1.5
2 10 0 1.5 0 1 0 0 0 -1 1 -0 -0 0.5
2 0 0 -0.5 1 0 0 0 0 1 0 -1 0 1.5
Triangulations 0

TShapes 242
Ve
1e-07
0 0 0
0 0

0101101
*
Ve
1e-07
0 10 0
0 0

0101101
*
Ed
 1e-07 1 1 0
1  1 0 0 10
2  1 1 2 0 10
2  2 2 0 0 10
4 CN 1 2 2 0
0

0101000
+242 0 -241 0 *
Ve
1e-07
10 10 0
0 0

0101101
*
Ed
 1e-07 1 1 0
1  2 0 0 10
2  3 1 2 0 10
2  4 3 0 0 10
4 CN 1 2 3 0
0

0101000
+241 0 -239 0 *
Ve
1e-07
10 0 0
0 0

0101101
*
Ed
 1e-07 1 1 0
1  3 0 0 10
2  5 1 2 0 10
2  6 4 0 0 10
4 G2 1 2 4 0
0

0101000
+237 0 -239 0 *
Ed
 1e-07 1 1 0
1  4 0 0 10
2  7 1 2 0 10
2  8 5 0 0 10
4 G2 1 2 5 0
0

0101000
+242 0 -237 0 *
Wi

0101100
-240 3 -238 3 +236 3 +235 3 *
Fa
0  1e-07 1 0

0101000
+234 0 *
Ve
1.00000001654392e-07
-0.785128511163183 10 -1.01157399362993e-15
0 0

0101101
*
Ed
 1e-07 1 1 0
1  5 0 0 0.785128511163184
2  9 2 0 0 0.785128511163184
2  10 6 0 0 0.785128511163184
4 C0 2 0 6 0
0

0101000
+241 0 -232 0 *
Ve
1.0000000166359e-07
-0.785128511163183 0 -1.00601188258435e-15
0 0

0101101
*
Ed
 1e-07 1 1 0
1  6 0 0 10
2  11 2 0 0 10
2  12 7 6 0 10
4 G2 2 0 7 6
0

0101000
+232 0 -230 0 *
Ed
 1e-07 1 1 0
1  7 0 0 0.785128511163184
2  13 2 0 0 0.785128511163184
2  14 8 0 0 0.785128511163184
4 C0 2 0 8 0
0

0101000
+230 0 -242 0 *
Wi

0101100
+231 0 +229 0 +228 0 +240 0 *
Fa
0  1e-07 2 0

0101000
+227 0 *
Ve
1.00000000785433e-07
-0.785128511163183 10 1
0 0

0101101
*
Ed
 1e-07 1 1 0
1  8 0 0 1
2  15 6 0 0 1
2  16 9 8 0 1
4 G2 6 0 9 8
0

0101000
+232 0 -225 0 *
Ve
1e-07
0 10 1
0 0

0101101
*
Ed
 1e-07 1 1 0
1  9 0 0 0.785128511163184
2  17 10 0 0 0.785128511163184
2  18 6 0 0 0.785128511163184
4 C0 6 0 10 0
0

0101000
+223 0 -225 0 *
Ed
 1e-07 1 1 0
1  10 0 0 1
2  19 6 0 0 1
2  20 11 0 0 1
4 C0 6 0 11 0
0

0101000
+223 0 -241 0 *
Wi

0101100
+231 0 +224 0 -222 0 +221 0 *
Fa
0  1e-07 6 0

0101000
+220 0 *
Ve
1.00000000785433e-07
-0.785128511163183 0 1
0 0

0101101
*
Ed
 1e-07 1 1 0
1  11 0 0 10
2  21 10 0 0 10
2  22 12 10 0 10
4 G2 10 0 12 10
0

0101000
+225 0 -218 0 *
Ve
1e-07
0 0 1
0 0

0101101
*
Ed
 1e-07 1 1 0
1  12 0 0 0.785128511163184
2  23 10 0 0 0.785128511163184
2  24 8 0 0 0.785128511163184
4 C0 10 0 8 0
0

0101000
+218 0 -216 0 *
Ed
 1e-07 1 1 0
1  13 0 0 10
0

0101000
+216 0 -223 0 *
Wi

0101100
+222 0 +217 0 +215 0 +214 0 *
Fa
0  1e-07 10 0

0101000
+213 0 *
Ed
 1e-07 1 1 0
1  14 0 0 1
2  25 8 0 0 1
2  26 13 12 0 1
4 CN 8 0 13 12
0

0101000
+230 0 -218 0 *
Ed
 1e-07 1 1 0
1  15 0 0 1
2  27 8 0 0 1
2  28 14 0 0 1
4 C0 8 0 14 0
0

0101000
+216 0 -242 0 *
Wi

0101100
-228 0 +211 0 +215 0 +210 0 *
Fa
0  1e-07 8 0

0101000
+209 0 *
Ve
1e-07
-5.78512851116318 10 -1.24344978758018e-14
0 0

0101101
*
Ed
 1e-07 1 1 0
1  16 0 0 5
2  29 7 6 0 5
2  30 9 8 0 5
4 C0 7 6 9 8
0

0101000
+232 0 -207 0 *
Ve
1e-07
-5.78512851116318 0 -1.24344978758018e-14
0 0

0101101
*
Ed
 1e-07 1 1 0
1  17 0 0 5
2  31 7 6 0 5
2  32 13 12 0 5
4 C0 7 6 13 12
0

0101000
+230 0 -205 0 *
Ed
 1e-07 1 1 0
1  18 0 0 10
2  33 7 6 0 10
2  34 15 16 0 10
4 C0 7 6 15 16
0

0101000
+205 0 -207 0 *
Wi

0101100
-206 13 +204 13 +229 13 +203 13 *
Fa
0  1e-07 7 4

0101000
+202 0 *
Ve
1e-07
-5.78512851116318 10 0.999999999999988
0 0

0101101
*
Ed
 1e-07 1 1 0
1  19 0 0 5
2  35 9 8 0 5
2  36 12 10 0 5
4 C0 9 8 12 10
0

0101000
+225 0 -200 0 *
Ed
 1e-07 1 1 0
1  20 0 0 1
2  37 9 8 0 1
2  38 15 16 0 1
4 C0 9 8 15 16
0

0101000
+207 0 -200 0 *
Wi

0101100
-199 17 +206 17 -224 17 +198 17 *
Fa
0  1e-07 9 4

0101000
+197 0 *
Ve
1e-07
-5.78512851116318 0 0.999999999999988
0 0

0101101
*
Ed
 1e-07 1 1 0
1  21 0 0 5
2  39 13 12 0 5
2  40 12 10 0 5
4 C0 13 12 12 10
0

0101000
+218 0 -195 0 *
Ed
 1e-07 1 1 0
1  22 0 0 1
2  41 13 12 0 1
2  42 15 16 0 1
4 C0 13 12 15 16
0

0101000
+205 0 -195 0 *
Wi

0101100
-194 18 +204 18 -211 18 +193 18 *
Fa
0  1e-07 13 4

0101000
+192 0 *
Ed
 1e-07 1 1 0
1  23 0 0 10
2  43 12 10 0 10
2  44 15 16 0 10
4 C0 12 10 15 16
0

0101000
+195 0 -200 0 *
Wi

0101100
-199 19 +194 19 +217 19 +190 19 *
Fa
0  1e-07 12 4

0101000
+189 0 *
Wi

0101100
-193 20 -190 20 +198 20 +203 20 *
Fa
0  1e-07 15 0

0101000
+187 0 *
Ve
1.00000015830618e-07
10 10.5234190074421 1.0210599556044e-14
0 0

0101101
*
Ed
 1e-07 1 1 0
1  24 0 0 0.523419007442122
2  45 3 0 0 0.523419007442122
2  46 16 0 0 0.523419007442122
4 C0 3 0 16 0
0

0101000
+239 0 -185 0 *
Ve
1.00000015830618e-07
0 10.5234190074421 1.0210599556044e-14
0 0

0101101
*
Ed
 1e-07 1 1 0
1  25 0 0 10
2  47 3 0 0 10
2  48 17 23 0 10
4 G2 3 0 17 23
0

0101000
+185 0 -183 0 *
Ed
 1e-07 1 1 0
1  26 0 0 0.523419007442122
2  49 3 0 0 0.523419007442122
2  50 11 0 0 0.523419007442122
4 C0 3 0 11 0
0

0101000
+183 0 -241 0 *
Wi

0101100
+184 0 +182 0 +181 0 +238 0 *
Fa
0  1e-07 3 0

0101000
+180 0 *
Ve
1.00000005606626e-07
10 10.5234190074421 0.999999999999997
0 0

0101101
*
Ed
 1e-07 1 1 0
1  27 0 0 1
2  51 16 0 0 1
2  52 18 25 0 1
4 CN 16 0 18 25
0

0101000
+185 0 -178 0 *
Ve
1e-07
10 10 1
0 0

0101101
*
Ed
 1e-07 1 1 0
1  28 0 0 0.523419007442122
2  53 19 0 0 0.523419007442122
2  54 16 0 0 0.523419007442122
4 C0 16 0 19 0
0

0101000
+176 0 -178 0 *
Ed
 1e-07 1 1 0
1  29 0 0 1
2  55 16 0 0 1
2  56 20 0 0 1
4 C0 16 0 20 0
0

0101000
+176 0 -239 0 *
Wi

0101100
+184 0 +177 0 -175 0 +174 0 *
Fa
0  1e-07 16 0

0101000
+173 0 *
Ve
1.0000000594546e-07
0 10.5234190074421 0.999999999999997
0 0

0101101
*
Ed
 1e-07 1 1 0
1  30 0 0 10
2  57 19 0 0 10
2  58 21 27 0 10
4 G2 19 0 21 27
0

0101000
+178 0 -171 0 *
Ed
 1e-07 1 1 0
1  31 0 0 0.523419007442122
2  59 19 0 0 0.523419007442122
2  60 11 0 0 0.523419007442122
4 C0 19 0 11 0
0

0101000
+171 0 -223 0 *
Ed
 1e-07 1 1 0
1  32 0 0 10
0

0101000
+223 0 -176 0 *
Wi

0101100
+175 0 +170 0 +169 0 +168 0 *
Fa
0  1e-07 19 0

0101000
+167 0 *
Ed
 1e-07 1 1 0
1  33 0 0 1
2  61 11 0 0 1
2  62 22 29 0 1
4 CN 11 0 22 29
0

0101000
+183 0 -171 0 *
Wi

0101100
-181 0 +165 0 +169 0 +221 0 *
Fa
0  1e-07 11 0

0101000
+164 0 *
Ve
1e-07
10 15.5234190074421 3.9412917374193e-15
0 0

0101101
*
Ed
 1e-07 1 1 0
1  34 0 0 5
2  63 17 23 0 5
2  64 18 25 0 5
4 C0 17 23 18 25
0

0101000
+185 0 -162 0 *
Ve
1e-07
0 15.5234190074421 3.9412917374193e-15
0 0

0101101
*
Ed
 1e-07 1 1 0
1  35 0 0 5
2  65 17 23 0 5
2  66 22 29 0 5
4 C0 17 23 22 29
0

0101000
+183 0 -160 0 *
Ed
 1e-07 1 1 0
1  36 0 0 10
2  67 17 23 0 10
2  68 23 33 0 10
4 C0 17 23 23 33
0

0101000
+160 0 -162 0 *
Wi

0101100
-161 30 +159 30 +182 30 +158 30 *
Fa
0  1e-07 17 21

0101000
+157 0 *
Ve
1e-07
10 15.5234190074421 1
0 0

0101101
*
Ed
 1e-07 1 1 0
1  37 0 0 5
2  69 18 25 0 5
2  70 21 27 0 5
4 C0 18 25 21 27
0

0101000
+178 0 -155 0 *
Ed
 1e-07 1 1 0
1  38 0 0 1
2  71 18 25 0 1
2  72 23 33 0 1
4 C0 18 25 23 33
0

0101000
+162 0 -155 0 *
Wi

0101100
-154 34 +161 34 -177 34 +153 34 *
Fa
0  1e-07 18 21

0101000
+152 0 *
Ve
1e-07
0 15.5234190074421 1
0 0

0101101
*
Ed
 1e-07 1 1 0
1  39 0 0 5
2  73 22 29 0 5
2  74 21 27 0 5
4 C0 22 29 21 27
0

0101000
+171 0 -150 0 *
Ed
 1e-07 1 1 0
1  40 0 0 1
2  75 22 29 0 1
2  76 23 33 0 1
4 C0 22 29 23 33
0

0101000
+160 0 -150 0 *
Wi

0101100
-149 35 +159 35 -165 35 +148 35 *
Fa
0  1e-07 22 21

0101000
+147 0 *
Ed
 1e-07 1 1 0
1  41 0 0 10
2  77 21 27 0 10
2  78 23 33 0 10
4 C0 21 27 23 33
0

0101000
+150 0 -155 0 *
Wi

0101100
-154 36 +149 36 +170 36 +145 36 *
Fa
0  1e-07 21 21

0101000
+144 0 *
Wi

0101100
-158 37 -153 37 +145 37 +148 37 *
Fa
0  1e-07 23 0

0101000
+142 0 *
Ve
1.00000002097039e-07
10.2617095037211 10 7.34924967119787e-16
0 0

0101101
*
Ed
 1e-07 1 1 0
1  42 0 0 0.261709503721061
2  79 4 0 0 0.261709503721061
2  80 20 0 0 0.261709503721061
4 C0 4 0 20 0
0

0101000
+239 0 -140 0 *
Ve
1.00000002097039e-07
10.2617095037211 0 7.34924967119787e-16
0 0

0101101
*
Ed
 1e-07 1 1 0
1  43 0 0 10
2  81 4 0 0 10
2  82 24 40 0 10
4 G2 4 0 24 40
0

0101000
+140 0 -138 0 *
Ed
 1e-07 1 1 0
1  44 0 0 0.261709503721061
2  83 4 0 0 0.261709503721061
2  84 25 0 0 0.261709503721061
4 C0 4 0 25 0
0

0101000
+138 0 -237 0 *
Wi

0101100
+139 0 +137 0 +136 0 +236 0 *
Fa
0  1e-07 4 0

0101000
+135 0 *
Ve
1.00000018182811e-07
10.261709503721 10 1.00000000000001
0 0

0101101
*
Ed
 1e-07 1 1 0
1  45 0 0 1
2  85 20 0 0 1
2  86 26 42 0 1
4 G2 20 0 26 42
0

0101000
+140 0 -133 0 *
Ed
 1e-07 1 1 0
1  46 0 0 0.261709503721061
2  87 27 0 0 0.261709503721061
2  88 20 0 0 0.261709503721061
4 C0 20 0 27 0
0

0101000
+176 0 -133 0 *
Wi

0101100
+139 0 +132 0 -131 0 +174 0 *
Fa
0  1e-07 20 0

0101000
+130 0 *
Ve
1.00000018182811e-07
10.261709503721 0 1.00000000000001
0 0

0101101
*
Ed
 1e-07 1 1 0
1  47 0 0 10
2  89 27 0 0 10
2  90 28 44 0 10
4 G2 27 0 28 44
0

0101000
+133 0 -128 0 *
Ve
1e-07
10 0 1
0 0

0101101
*
Ed
 1e-07 1 1 0
1  48 0 0 0.261709503721061
2  91 27 0 0 0.261709503721061
2  92 25 0 0 0.261709503721061
4 C0 27 0 25 0
0

0101000
+128 0 -126 0 *
Ed
 1e-07 1 1 0
1  49 0 0 10
0

0101000
+126 0 -176 0 *
Wi

0101100
+131 0 +127 0 +125 0 +124 0 *
Fa
0  1e-07 27 0

0101000
+123 0 *
Ed
 1e-07 1 1 0
1  50 0 0 1
2  93 25 0 0 1
2  94 29 46 0 1
4 G2 25 0 29 46
0

0101000
+138 0 -128 0 *
Ed
 1e-07 1 1 0
1  51 0 0 1
2  95 25 0 0 1
2  96 30 0 0 1
4 C0 25 0 30 0
0

0101000
+126 0 -237 0 *
Wi

0101100
-136 0 +121 0 +125 0 +120 0 *
Fa
0  1e-07 25 0

0101000
+119 0 *
Ve
1e-07
15.2617095037211 10 4.21884749357559e-15
0 0

0101101
*
Ed
 1e-07 1 1 0
1  52 0 0 5
2  97 24 40 0 5
2  98 26 42 0 5
4 C0 24 40 26 42
0

0101000
+140 0 -117 0 *
Ve
1e-07
15.2617095037211 0 4.21884749357559e-15
0 0

0101101
*
Ed
 1e-07 1 1 0
1  53 0 0 5
2  99 24 40 0 5
2  100 29 46 0 5
4 C0 24 40 29 46
0

0101000
+138 0 -115 0 *
Ed
 1e-07 1 1 0
1  54 0 0 10
2  101 24 40 0 10
2  102 31 50 0 10
4 C0 24 40 31 50
0

0101000
+115 0 -117 0 *
Wi

0101100
-116 47 +114 47 +137 47 +113 47 *
Fa
0  1e-07 24 38

0101000
+112 0 *
Ve
1e-07
15.2617095037211 10 1
0 0

0101101
*
Ed
 1e-07 1 1 0
1  55 0 0 5
2  103 26 42 0 5
2  104 28 44 0 5
4 C0 26 42 28 44
0

0101000
+133 0 -110 0 *
Ed
 1e-07 1 1 0
1  56 0 0 1
2  105 26 42 0 1
2  106 31 50 0 1
4 C0 26 42 31 50
0

0101000
+117 0 -110 0 *
Wi

0101100
-109 51 +116 51 -132 51 +108 51 *
Fa
0  1e-07 26 38

0101000
+107 0 *
Ve
1e-07
15.2617095037211 0 1
0 0

0101101
*
Ed
 1e-07 1 1 0
1  57 0 0 5
2  107 29 46 0 5
2  108 28 44 0 5
4 C0 29 46 28 44
0

0101000
+128 0 -105 0 *
Ed
 1e-07 1 1 0
1  58 0 0 1
2  109 29 46 0 1
2  110 31 50 0 1
4 C0 29 46 31 50
0

0101000
+115 0 -105 0 *
Wi

0101100
-104 52 +114 52 -121 52 +103 52 *
Fa
0  1e-07 29 38

0101000
+102 0 *
Ed
 1e-07 1 1 0
1  59 0 0 10
2  111 28 44 0 10
2  112 31 50 0 10
4 C0 28 44 31 50
0

0101000
+105 0 -110 0 *
Wi

0101100
-109 53 +104 53 +127 53 +100 53 *
Fa
0  1e-07 28 38

0101000
+99 0 *
Wi

0101100
-103 54 -100 54 +108 54 +113 54 *
Fa
0  1e-07 31 0

0101000
+97 0 *
Ve
1.00000001114025e-07
10 -1.04683801488424 -3.09332107049561e-17
0 0

0101101
*
Ed
 1e-07 1 1 0
1  60 0 0 1.04683801488424
2  113 5 0 0 1.04683801488424
2  114 30 0 0 1.04683801488424
4 C0 5 0 30 0
0

0101000
+237 0 -95 0 *
Ve
1.00000001115711e-07
0 -1.04683801488424 -3.0979838188703e-17
0 0

0101101
*
Ed
 1e-07 1 1 0
1  61 0 0 10
2  115 5 0 0 10
2  116 32 57 0 10
4 G2 5 0 32 57
0

0101000
+95 0 -93 0 *
Ed
 1e-07 1 1 0
1  62 0 0 1.04683801488424
2  117 5 0 0 1.04683801488424
2  118 14 0 0 1.04683801488424
4 C0 5 0 14 0
0

0101000
+93 0 -242 0 *
Wi

0101100
+94 0 +92 0 +91 0 +235 0 *
Fa
0  1e-07 5 0

0101000
+90 0 *
Ve
1.00000002816851e-07
10 -1.04683801488424 0.999999999999999
0 0

0101101
*
Ed
 1e-07 1 1 0
1  63 0 0 1
2  119 30 0 0 1
2  120 33 0 0 1
4 C0 30 0 33 0
0

0101000
+95 0 -88 0 *
Ed
 1e-07 1 1 0
1  64 0 0 1.04683801488424
2  121 34 0 0 1.04683801488424
2  122 30 0 0 1.04683801488424
4 C0 30 0 34 0
0

0101000
+126 0 -88 0 *
Wi

0101100
+94 0 +87 0 -86 0 +120 0 *
Fa
0  1e-07 30 0

0101000
+85 0 *
Ve
1.00000002569972e-07
0 -1.04683801488424 0.999999999999999
0 0

0101101
*
Ed
 1e-07 1 1 0
1  65 0 0 10
2  123 34 0 0 10
2  124 35 59 0 10
4 G2 34 0 35 59
0

0101000
+88 0 -83 0 *
Ed
 1e-07 1 1 0
1  66 0 0 1.04683801488424
2  125 34 0 0 1.04683801488424
2  126 14 0 0 1.04683801488424
4 C0 34 0 14 0
0

0101000
+83 0 -216 0 *
Ed
 1e-07 1 1 0
1  67 0 0 10
0

0101000
+216 0 -126 0 *
Wi

0101100
+86 0 +82 0 +81 0 +80 0 *
Fa
0  1e-07 34 0

0101000
+79 0 *
Ed
 1e-07 1 1 0
1  68 0 0 1
2  127 14 0 0 1
2  128 36 61 0 1
4 G2 14 0 36 61
0

0101000
+93 0 -83 0 *
Wi

0101100
-91 0 +77 0 +81 0 +210 0 *
Fa
0  1e-07 14 0

0101000
+76 0 *
Ve
1.00000001713556e-07
10 -6.04683801488424 -1.8756909737763e-14
0 0

0101101
*
Ed
 1e-07 1 1 0
1  69 0 0 5
2  129 32 57 0 5
2  130 37 0 0 5
4 CN 32 57 37 0
0

0101000
+95 0 -74 0 *
Ve
1e-07
0 -6.04683801488424 -1.96231919602496e-14
0 0

0101101
*
Ed
 1e-07 1 1 0
1  70 0 0 5
2  131 32 57 0 5
2  132 36 61 0 5
4 C0 32 57 36 61
0

0101000
+93 0 -72 0 *
Ed
 1e-07 1 1 0
1  71 0 0 10
2  133 32 57 0 10
2  134 38 65 0 10
4 C0 32 57 38 65
0

0101000
+72 0 -74 0 *
Wi

0101100
-73 62 +71 62 +92 62 +70 62 *
Fa
0  1e-07 32 55

0101000
+69 0 *
Ve
1e-07
0 -6.04683801488425 0.99999999999998
0 0

0101101
*
Ed
 1e-07 1 1 0
1  72 0 0 5
2  135 36 61 0 5
2  136 35 59 0 5
4 C0 36 61 35 59
0

0101000
+83 0 -67 0 *
Ed
 1e-07 1 1 0
1  73 0 0 1
2  137 36 61 0 1
2  138 38 65 0 1
4 C0 36 61 38 65
0

0101000
+72 0 -67 0 *
Wi

0101100
-66 66 +71 66 -77 66 +65 66 *
Fa
0  1e-07 36 55

0101000
+64 0 *
Ve
1.00000001708483e-07
10 -6.04683801488425 0.999999999999981
0 0

0101101
*
Ed
 1e-07 1 1 0
1  74 0 0 5
2  139 35 59 0 5
2  140 39 0 0 5
4 CN 35 59 39 0
0

0101000
+88 0 -62 0 *
Ed
 1e-07 1 1 0
1  75 0 0 10
2  141 35 59 0 10
2  142 38 65 0 10
4 C0 35 59 38 65
0

0101000
+67 0 -62 0 *
Wi

0101100
-61 67 +66 67 +82 67 +60 67 *
Fa
0  1e-07 35 55

0101000
+59 0 *
Ed
 1e-07 1 1 0
1  76 0 0 1
2  143 38 65 0 1
2  144 40 0 0 1
4 G2 38 65 40 0
0

0101000
+74 0 -62 0 *
Wi

0101100
-70 68 -57 68 +60 68 +65 68 *
Fa
0  1e-07 38 0

0101000
+56 0 *
Ve
1.00000001817311e-07
10.3925642555816 -1.04683801488424 3.26607065837502e-18
0 0

0101101
*
Ed
 1e-07 1 1 0
1  77 0 0 0.392564255581592
2  145 37 0 0 0.392564255581592
2  146 33 0 0 0.392564255581592
4 C0 37 0 33 0
0

0101000
+95 0 -54 0 *
Ve
1.00000003306965e-07
10.3925642555816 -6.04683801488424 -1.88673757528516e-14
0 0

0101101
*
Ed
 1e-07 1 1 0
1  78 0 0 5
2  147 37 0 0 5
2  148 41 71 0 5
4 CN 37 0 41 71
0

0101000
+54 0 -52 0 *
Ed
 1e-07 1 1 0
1  79 0 0 0.392564255581592
2  149 37 0 0 0.392564255581592
2  150 40 0 0 0.392564255581592
4 C0 37 0 40 0
0

0101000
+52 0 -74 0 *
Wi

0101100
+53 0 +51 0 +50 0 -73 0 *
Fa
0  1e-07 37 0

0101000
+49 0 *
Ve
1.00000003416942e-07
10.3925642555816 -1.04683801488425 0.999999999999998
0 0

0101101
*
Ed
 1e-07 1 1 0
1  80 0 0 0.392564255581592
2  151 39 0 0 0.392564255581592
2  152 33 0 0 0.392564255581592
4 C0 39 0 33 0
0

0101000
+88 0 -47 0 *
Ve
1.00000002864455e-07
10.3925642555816 -6.04683801488425 0.999999999999984
0 0

0101101
*
Ed
 1e-07 1 1 0
1  81 0 0 5
2  153 39 0 0 5
2  154 42 73 0 5
4 CN 39 0 42 73
0

0101000
+47 0 -45 0 *
Ed
 1e-07 1 1 0
1  82 0 0 0.392564255581592
2  155 39 0 0 0.392564255581592
2  156 40 0 0 0.392564255581592
4 C0 39 0 40 0
0

0101000
+45 0 -62 0 *
Wi

0101100
+46 0 +44 0 +43 0 -61 0 *
Fa
0  1e-07 39 0

0101000
+42 0 *
Ed
 1e-07 1 1 0
1  83 0 0 1
2  157 33 0 0 1
2  158 43 75 0 1
4 G2 33 0 43 75
0

0101000
+54 0 -47 0 *
Wi

0101100
+53 0 +40 0 -46 0 -87 0 *
Fa
0  1e-07 33 0

0101000
+39 0 *
Ed
 1e-07 1 1 0
1  84 0 0 1
2  159 40 0 0 1
2  160 44 77 0 1
4 G2 40 0 44 77
0

0101000
+52 0 -45 0 *
Wi

0101100
-50 0 +37 0 +43 0 -57 0 *
Fa
0  1e-07 40 0

0101000
+36 0 *
Ve
1.00000000228878e-07
15.3925642555816 -1.04683801488424 -1.66533453693773e-15
0 0

0101101
*
Ed
 1e-07 1 1 0
1  85 0 0 5
2  161 41 71 0 5
2  162 43 75 0 5
4 C0 41 71 43 75
0

0101000
+54 0 -34 0 *
Ve
1e-07
15.3925642555816 -6.04683801488424 -2.12607709215717e-14
0 0

0101101
*
Ed
 1e-07 1 1 0
1  86 0 0 5
2  163 41 71 0 5
2  164 44 77 0 5
4 C0 41 71 44 77
0

0101000
+52 0 -32 0 *
Ed
 1e-07 1 1 0
1  87 0 0 5
2  165 41 71 0 5
2  166 45 81 0 5
4 C0 41 71 45 81
0

0101000
+34 0 -32 0 *
Wi

0101100
+33 78 -31 78 -51 78 +30 78 *
Fa
0  1e-07 41 69

0101000
+29 0 *
Ve
1.00000000256634e-07
15.3925642555816 -1.04683801488424 0.999999999999996
0 0

0101101
*
Ed
 1e-07 1 1 0
1  88 0 0 5
2  167 43 75 0 5
2  168 42 73 0 5
4 C0 43 75 42 73
0

0101000
+47 0 -27 0 *
Ed
 1e-07 1 1 0
1  89 0 0 1
2  169 43 75 0 1
2  170 45 81 0 1
4 C0 43 75 45 81
0

0101000
+34 0 -27 0 *
Wi

0101100
+33 82 -26 82 -40 82 +25 82 *
Fa
0  1.00000000228878e-07 43 69

0101000
+24 0 *
Ve
1e-07
15.3925642555816 -6.04683801488425 0.999999999999979
0 0

0101101
*
Ed
 1e-07 1 1 0
1  90 0 0 5
2  171 44 77 0 5
2  172 42 73 0 5
4 C0 44 77 42 73
0

0101000
+45 0 -22 0 *
Ed
 1e-07 1 1 0
1  91 0 0 1
2  173 44 77 0 1
2  174 45 81 0 1
4 C0 44 77 45 81
0

0101000
+32 0 -22 0 *
Wi

0101100
-21 83 +31 83 -37 83 +20 83 *
Fa
0  1e-07 44 69

0101000
+19 0 *
Ed
 1e-07 1 1 0
1  92 0 0 5
2  175 42 73 0 5
2  176 45 81 0 5
4 C0 42 73 45 81
0

0101000
+27 0 -22 0 *
Wi

0101100
+26 84 -21 84 -44 84 +17 84 *
Fa
0  1e-07 42 69

0101000
+16 0 *
Wi

0101100
-17 86 +30 86 -25 86 +20 86 *
Fa
0  1e-07 45 55

0101000
+14 0 *
Sh

0101000
-233 2 -226 0 +219 0 +212 0 -208 0 +201 5 +196 7 -191 11 -188 9 -186 16 
-179 0 +172 0 +166 0 -163 0 +156 22 +151 24 -146 28 -143 26 +141 33 +134 0 
-129 0 -122 0 +118 0 -111 39 -106 41 +101 45 +98 43 +96 50 +89 0 -84 0 
-78 0 +75 0 -68 56 +63 60 +58 58 -55 65 +48 0 -41 0 -38 0 +35 0 
+28 70 -23 74 +18 76 -15 72 -13 85 *
Ve
1e-07
0 10 1
0 0

0101101
*
Ve
1e-07
0 0 1
0 0

0101101
*
Ed
 1e-07 1 1 0
1  93 0 0 10
2  177 15 0 0 10
2  178 46 0 0 10
2  179 47 0 0 10
2  180 47 89 0 10
2  181 12 0 0 10
2  43 12 90 0 10
0

0101000
-11 0 +10 0 *
Ve
1e-07
10 10 1
0 0

0101101
*
Ed
 1e-07 1 1 0
1  94 0 0 10
2  182 23 0 0 10
2  183 46 0 0 10
2  184 48 0 0 10
2  185 48 92 0 10
2  186 21 0 0 10
2  77 21 93 0 10
0

0101000
-8 0 +11 0 *
Ve
1e-07
10 0 1
0 0

0101101
*
Ed
 1e-07 1 1 0
1  95 0 0 10
2  187 31 0 0 10
2  188 46 0 0 10
2  189 49 0 0 10
2  190 49 95 0 10
2  191 28 0 0 10
2  111 28 96 0 10
0

0101000
-8 0 +6 0 *
Ed
 1e-07 1 1 0
